0,57.0,130.42212796211243
1,193.0,130.5292420387268
2,156.0,128.97845792770386
3,200.0,130.86115550994873
4,149.0,128.19911766052246
5,161.0,129.7969172000885
6,200.0,128.8447847366333
7,200.0,128.47625994682312
8,198.0,127.821040391922
9,200.0,127.84245824813843
10,155.0,125.93246054649353
11,138.0,125.6769368648529
12,140.0,125.52804946899414
13,200.0,124.77034974098206
14,187.0,123.96580910682678
15,174.0,122.8711097240448
16,164.0,122.07423257827759
17,168.0,120.87880253791809
18,158.0,120.34827613830566
19,173.0,120.71097016334534
20,200.0,119.32976031303406
21,160.0,118.80588483810425
22,200.0,118.22854351997375
23,200.0,117.50445318222046
24,200.0,115.59105443954468
25,200.0,115.57748675346375
26,200.0,114.55701327323914
27,200.0,114.24902772903442
28,200.0,114.35353922843933
29,200.0,112.7959554195404
30,200.0,112.57825875282288
31,200.0,111.73971581459045
32,200.0,110.31891131401062
33,200.0,110.25442576408386
34,200.0,108.37815427780151
35,200.0,108.30794668197632
36,200.0,108.14248704910278
37,200.0,106.63987135887146
38,200.0,105.73085188865662
39,200.0,105.46977710723877
40,200.0,105.10091638565063
41,200.0,104.45936322212219
42,200.0,103.92190313339233
43,200.0,103.20574641227722
44,200.0,102.5323235988617
45,200.0,101.23035717010498
46,200.0,100.96333360671997
47,200.0,101.19458866119385
48,200.0,100.07062530517578
49,200.0,98.70719623565674
50,200.0,98.89578890800476
51,200.0,97.66020154953003
52,200.0,97.21075797080994
53,200.0,96.30533123016357
54,163.0,94.66204285621643
55,197.0,94.30423426628113
56,200.0,94.01692128181458
57,181.0,92.80566167831421
58,200.0,92.43187355995178
59,200.0,91.50914287567139
60,200.0,91.03083682060242
61,132.0,90.75277733802795
62,200.0,90.45439028739929
63,150.0,89.033616065979
64,147.0,88.57981586456299
65,178.0,88.09133458137512
66,200.0,88.12707352638245
67,200.0,87.94041037559509
68,143.0,87.71029090881348
69,200.0,87.53612279891968
70,200.0,86.51658868789673
71,197.0,86.00141954421997
72,200.0,85.3841986656189
73,160.0,85.50614523887634
74,170.0,85.28293871879578
75,200.0,85.07452774047852
76,200.0,83.9611005783081
77,135.0,83.54772663116455
78,101.0,83.1461718082428
79,200.0,81.48538255691528
80,113.0,81.41438317298889
81,112.0,80.22110629081726
82,127.0,79.89324498176575
83,123.0,79.72639608383179
84,200.0,78.88008046150208
85,200.0,78.49870872497559
86,112.0,77.80022883415222
87,159.0,77.65198850631714
88,116.0,76.91522693634033
89,163.0,76.8400366306305
90,93.0,75.9758780002594
91,169.0,75.91030597686768
92,86.0,75.51126098632812
93,134.0,74.63732647895813
94,142.0,74.45523571968079
95,136.0,74.67261791229248
96,101.0,73.8867597579956
97,114.0,74.51104307174683
98,126.0,73.26934289932251
99,98.0,71.84881043434143
100,94.0,71.72214531898499
101,200.0,71.05153179168701
102,200.0,71.02345061302185
103,122.0,70.45897459983826
104,200.0,70.30638885498047
105,156.0,69.8716173171997
106,113.0,69.50314688682556
107,123.0,69.63831520080566
108,200.0,68.96784925460815
109,158.0,67.9642961025238
110,130.0,67.7300078868866
111,200.0,67.34330463409424
112,196.0,67.00613474845886
113,114.0,67.03497648239136
114,114.0,66.97294473648071
115,142.0,66.33564686775208
116,143.0,66.12187552452087
117,118.0,65.44940662384033
118,200.0,65.20385646820068
119,198.0,65.0694465637207
120,160.0,65.02881240844727
121,200.0,65.0615963935852
122,85.0,64.41593170166016
123,174.0,64.63473200798035
124,200.0,64.12213015556335
125,135.0,63.53718852996826
126,146.0,62.70429611206055
127,103.0,63.661872148513794
128,200.0,63.481892108917236
129,200.0,63.34602403640747
130,200.0,63.2480251789093
131,112.0,62.35942006111145
132,185.0,62.87499141693115
133,113.0,62.39613080024719
134,129.0,61.97152352333069
135,200.0,62.23025155067444
136,200.0,61.91268277168274
137,200.0,62.050227880477905
138,89.0,61.20363473892212
139,200.0,60.98330330848694
140,107.0,61.08403539657593
141,123.0,60.72026014328003
142,200.0,60.14270853996277
143,200.0,59.902424573898315
144,115.0,59.94253158569336
145,94.0,59.77589964866638
146,99.0,59.07088899612427
147,139.0,58.90451169013977
148,121.0,59.177048683166504
149,120.0,58.35927414894104
150,200.0,58.498106479644775
151,191.0,57.8638813495636
152,117.0,57.49368715286255
153,151.0,57.62403988838196
154,200.0,57.68210816383362
155,200.0,57.20124816894531
156,153.0,57.14109921455383
157,124.0,56.83706760406494
158,200.0,57.011228799819946
159,119.0,56.59442734718323
160,200.0,56.619383811950684
161,112.0,56.22721529006958
162,109.0,56.438414096832275
163,190.0,56.24831414222717
164,152.0,56.358455419540405
165,134.0,56.15237617492676
166,200.0,55.66223907470703
167,168.0,56.014939308166504
168,99.0,55.54460024833679
169,121.0,55.69072413444519
170,200.0,55.58951139450073
171,200.0,55.53650760650635
172,173.0,55.29868149757385
173,105.0,55.031250953674316
174,107.0,54.9773895740509
175,91.0,54.73595929145813
176,155.0,54.93201184272766
177,132.0,54.88869047164917
178,152.0,54.5599627494812
179,100.0,54.88749051094055
180,138.0,54.77712678909302
181,149.0,54.93263840675354
182,200.0,55.013509035110474
183,109.0,54.467679500579834
184,192.0,54.39800667762756
185,188.0,54.69147515296936
186,95.0,54.651142597198486
187,129.0,54.26607298851013
188,92.0,54.24576139450073
189,98.0,54.3695969581604
190,200.0,54.08702754974365
191,175.0,54.420114278793335
192,200.0,54.118128538131714
193,172.0,54.39654493331909
194,200.0,54.430731534957886
195,156.0,54.532591342926025
196,114.0,54.15687131881714
197,107.0,54.132091760635376
198,106.0,54.152106046676636
199,200.0,54.14905524253845
200,134.0,54.14431190490723
201,106.0,54.600759744644165
202,200.0,54.249411821365356
203,112.0,53.632335901260376
204,85.0,54.8044331073761
205,200.0,54.35808086395264
206,113.0,54.456862926483154
207,200.0,54.28857064247131
208,130.0,54.726929664611816
209,133.0,54.61499309539795
210,200.0,54.636531591415405
211,148.0,54.56533408164978
212,192.0,54.35028266906738
213,134.0,54.44036912918091
214,200.0,54.08506202697754
215,98.0,54.88676428794861
216,100.0,54.391441822052
217,162.0,54.62733507156372
218,198.0,54.58877658843994
219,128.0,54.735875606536865
220,200.0,54.63493275642395
221,200.0,54.88684582710266
222,171.0,54.61531209945679
223,200.0,55.09518027305603
224,98.0,54.71232604980469
225,172.0,54.68477940559387
226,200.0,54.912619829177856
227,124.0,55.15763974189758
228,110.0,55.27556300163269
229,131.0,55.10840153694153
230,200.0,55.01664662361145
231,200.0,55.523770809173584
232,143.0,55.51487112045288
233,103.0,55.22824549674988
234,135.0,55.332451820373535
235,170.0,55.648374795913696
236,200.0,55.823763847351074
237,135.0,55.74118900299072
238,140.0,55.15553665161133
239,136.0,55.33225679397583
240,156.0,56.129852294921875
241,172.0,55.57508206367493
242,200.0,55.64872121810913
243,90.0,55.76986789703369
244,166.0,56.06874322891235
245,200.0,56.087897062301636
246,130.0,56.17996835708618
247,142.0,56.247496366500854
248,106.0,56.2681930065155
249,113.0,56.08063840866089
250,132.0,56.06271004676819
251,200.0,56.442524909973145
252,99.0,56.03840756416321
253,200.0,56.68179988861084
254,200.0,56.38265609741211
255,121.0,56.50227403640747
256,168.0,57.10196137428284
257,130.0,56.756765604019165
258,199.0,56.731213092803955
259,200.0,57.08265471458435
260,200.0,57.165865421295166
261,140.0,56.97168517112732
262,134.0,57.12918972969055
263,120.0,57.05948805809021
264,136.0,57.33449029922485
265,122.0,56.75052833557129
266,187.0,57.60415601730347
267,199.0,57.84445905685425
268,135.0,57.5807044506073
269,100.0,57.64718222618103
270,167.0,57.61276340484619
271,200.0,57.294241189956665
272,144.0,57.965423345565796
273,92.0,57.938629150390625
274,200.0,58.171919107437134
275,127.0,58.50082230567932
276,131.0,58.43644738197327
277,108.0,58.38427448272705
278,104.0,58.27708435058594
279,167.0,58.44577121734619
280,146.0,58.635347843170166
281,121.0,58.598838806152344
282,106.0,59.113253116607666
283,106.0,59.48452067375183
284,137.0,59.540215492248535
285,200.0,59.92751216888428
286,150.0,59.29072451591492
287,200.0,59.39321565628052
288,90.0,60.11831283569336
289,112.0,60.02703070640564
290,200.0,59.823227405548096
291,149.0,59.7287654876709
292,172.0,59.581512212753296
293,185.0,59.78421640396118
294,194.0,59.91435956954956
295,110.0,59.52764654159546
296,121.0,59.985358476638794
297,136.0,59.93120336532593
298,78.0,59.99829339981079
299,200.0,59.758097648620605
