0,58.0,115.77369618415833
1,200.0,115.37222838401794
2,200.0,114.48347878456116
3,200.0,113.84047079086304
4,159.0,113.28145027160645
5,200.0,114.0975296497345
6,200.0,113.03356647491455
7,200.0,113.44604921340942
8,200.0,112.02899146080017
9,200.0,111.63347148895264
10,200.0,112.15131330490112
11,200.0,111.83833646774292
12,200.0,111.2384843826294
13,200.0,111.29818058013916
14,200.0,111.57133293151855
15,200.0,111.12153482437134
16,200.0,110.44800138473511
17,200.0,110.43012952804565
18,200.0,109.91976237297058
19,200.0,109.15316772460938
20,74.0,108.46368217468262
21,200.0,108.84563279151917
22,81.0,109.08981609344482
23,168.0,107.46920847892761
24,200.0,107.07913327217102
25,200.0,106.49768400192261
26,200.0,106.20655488967896
27,200.0,106.05830192565918
28,200.0,103.73817086219788
29,200.0,103.4499192237854
30,200.0,102.34943509101868
31,200.0,101.76248860359192
32,200.0,100.84247469902039
33,200.0,101.05898261070251
34,200.0,98.44167971611023
35,200.0,97.56916761398315
36,200.0,97.03663778305054
37,200.0,95.85280179977417
38,200.0,95.7305064201355
39,200.0,93.91446614265442
40,200.0,92.99920606613159
41,200.0,92.315105676651
42,200.0,92.10620927810669
43,200.0,90.61451196670532
44,200.0,90.14872026443481
45,200.0,89.23659873008728
46,200.0,88.68410181999207
47,200.0,88.41429853439331
48,200.0,87.92790961265564
49,200.0,86.5654788017273
50,200.0,86.90254712104797
51,200.0,85.74121856689453
52,200.0,84.89008522033691
53,200.0,85.26736760139465
54,200.0,84.46555662155151
55,200.0,82.9178261756897
56,200.0,81.95035791397095
57,200.0,81.32048630714417
58,200.0,80.45490074157715
59,200.0,80.21589303016663
60,200.0,80.51996636390686
61,200.0,80.04416036605835
62,200.0,78.59741163253784
63,200.0,78.67057204246521
64,200.0,77.45841574668884
65,200.0,76.61294412612915
66,200.0,75.92469668388367
67,200.0,75.14816880226135
68,200.0,75.487802028656
69,200.0,74.7261209487915
70,200.0,74.13160705566406
71,200.0,73.48258018493652
72,200.0,73.29377722740173
73,200.0,72.75979447364807
74,200.0,71.18344855308533
75,200.0,70.41607737541199
76,200.0,69.79990768432617
77,200.0,69.25942611694336
78,200.0,69.67488217353821
79,200.0,69.2149167060852
80,200.0,69.0691888332367
81,200.0,67.78127789497375
82,200.0,67.40674948692322
83,200.0,67.33906435966492
84,200.0,66.54339838027954
85,200.0,66.11580419540405
86,200.0,64.26268315315247
87,200.0,64.5832953453064
88,200.0,63.40937542915344
89,200.0,63.14067530632019
90,200.0,62.78068017959595
91,200.0,62.6586549282074
92,200.0,62.88331699371338
93,200.0,62.21500277519226
94,200.0,61.36338758468628
95,200.0,61.002899169921875
96,200.0,60.59160017967224
97,200.0,60.36103081703186
98,200.0,59.90115809440613
99,200.0,59.600292682647705
100,200.0,59.25840711593628
101,200.0,59.007986545562744
102,200.0,59.19745230674744
103,200.0,58.028698682785034
104,200.0,58.554550886154175
105,200.0,57.51084327697754
106,200.0,57.06424307823181
107,200.0,56.80562353134155
108,200.0,56.74047780036926
109,200.0,56.37519955635071
110,200.0,56.08379030227661
111,200.0,56.706356048583984
112,200.0,56.2584331035614
113,200.0,55.64371299743652
114,200.0,55.01281785964966
115,200.0,55.11787152290344
116,200.0,54.56118083000183
117,200.0,54.6129629611969
118,200.0,54.43883752822876
119,200.0,54.42811894416809
120,200.0,54.450522661209106
121,200.0,54.41381788253784
122,200.0,54.16738247871399
123,200.0,53.691171407699585
124,200.0,53.414921283721924
125,200.0,53.09868502616882
126,200.0,52.991947650909424
127,200.0,52.32087302207947
128,200.0,52.28620004653931
129,200.0,52.296518087387085
130,200.0,51.96547532081604
131,200.0,51.68908452987671
132,200.0,51.66139245033264
133,200.0,51.43353629112244
134,200.0,51.32509231567383
135,200.0,51.686031341552734
136,200.0,51.10982871055603
137,200.0,51.324543952941895
138,200.0,50.5268452167511
139,200.0,50.58322215080261
140,200.0,50.29529643058777
141,200.0,50.14613676071167
142,200.0,49.973451137542725
143,200.0,50.102089166641235
144,200.0,49.52538466453552
145,200.0,49.76661515235901
146,200.0,49.622891902923584
147,200.0,49.69296216964722
148,200.0,49.239503145217896
149,200.0,50.00546097755432
150,200.0,49.2350549697876
151,200.0,49.004297494888306
152,200.0,48.768024921417236
153,200.0,48.3427894115448
154,200.0,48.56957936286926
155,200.0,48.699376821517944
156,200.0,48.51149559020996
157,200.0,48.32954144477844
158,200.0,48.06945729255676
159,200.0,48.0785174369812
160,200.0,48.02017307281494
161,200.0,47.811476945877075
162,200.0,47.84252190589905
163,200.0,47.92120933532715
164,200.0,47.472841024398804
165,200.0,47.3621506690979
166,200.0,47.49826431274414
167,200.0,47.585689544677734
168,200.0,47.697298765182495
169,200.0,47.16979765892029
170,200.0,46.68264627456665
171,200.0,46.49681210517883
172,200.0,46.716320753097534
173,200.0,46.720876932144165
174,200.0,46.207412004470825
175,200.0,46.52121376991272
176,200.0,46.48534035682678
177,200.0,46.51491093635559
178,200.0,46.24701237678528
179,200.0,46.152363300323486
180,200.0,46.43512845039368
181,200.0,46.14215850830078
182,200.0,46.389320373535156
183,200.0,46.21101951599121
184,200.0,46.268832206726074
185,200.0,46.08444142341614
186,200.0,45.76726794242859
187,200.0,45.84632158279419
188,200.0,46.41775727272034
189,200.0,45.763221979141235
190,200.0,45.81487989425659
191,200.0,45.93450593948364
192,200.0,46.02570390701294
193,200.0,46.21786284446716
194,200.0,46.03453516960144
195,200.0,45.921210527420044
196,200.0,46.167521953582764
197,200.0,45.95486235618591
198,200.0,45.97901153564453
199,200.0,46.16587805747986
200,200.0,45.85763335227966
201,200.0,45.8899929523468
202,200.0,46.005088806152344
203,200.0,45.9024498462677
204,200.0,46.2371826171875
205,200.0,45.9483368396759
206,200.0,46.26412272453308
207,200.0,45.99633288383484
208,200.0,46.07730293273926
209,200.0,46.214942932128906
210,200.0,45.950695514678955
211,200.0,46.30750560760498
212,200.0,45.697545289993286
213,200.0,45.7072868347168
214,200.0,46.11906981468201
215,200.0,45.93510866165161
216,200.0,46.1901376247406
217,200.0,46.53004765510559
218,200.0,46.429696798324585
219,200.0,46.49982452392578
220,200.0,46.84294009208679
221,200.0,45.939122915267944
222,200.0,46.018444776535034
223,200.0,45.90005683898926
224,200.0,45.84042310714722
225,200.0,45.90306806564331
226,200.0,45.87881636619568
227,200.0,46.39256715774536
228,200.0,46.16213274002075
229,200.0,46.506096601486206
230,200.0,46.28265118598938
231,200.0,46.142491579055786
232,200.0,46.4745876789093
233,200.0,46.485663414001465
234,200.0,46.6494996547699
235,200.0,46.794166564941406
236,200.0,46.319931745529175
237,200.0,46.520371437072754
238,200.0,46.527817487716675
239,200.0,46.70670700073242
240,200.0,46.52576303482056
241,200.0,46.67505645751953
242,200.0,46.87961196899414
243,200.0,46.6603045463562
244,200.0,46.948063135147095
245,200.0,46.688541412353516
246,200.0,46.730915784835815
247,200.0,47.247981548309326
248,200.0,46.83627939224243
249,200.0,47.085458517074585
250,200.0,47.53457736968994
251,200.0,47.343754529953
252,200.0,47.558717489242554
253,200.0,47.36728811264038
254,200.0,47.686665534973145
255,200.0,47.63068747520447
256,200.0,47.77246022224426
257,200.0,47.657249212265015
258,200.0,47.55764198303223
259,200.0,47.742884397506714
260,200.0,48.39022493362427
261,200.0,47.51134204864502
262,200.0,47.76978254318237
263,200.0,47.976587772369385
264,200.0,47.98559236526489
265,200.0,47.861562967300415
266,200.0,48.36804246902466
267,200.0,48.40545701980591
268,200.0,48.437427282333374
269,200.0,48.49032473564148
270,200.0,48.7471604347229
271,200.0,48.5610077381134
272,200.0,48.587403774261475
273,200.0,48.49061727523804
274,200.0,48.5965096950531
275,200.0,48.666009187698364
276,200.0,48.733240842819214
277,200.0,48.558576345443726
278,200.0,48.99032735824585
279,200.0,48.787453174591064
280,200.0,49.09635329246521
281,200.0,48.85913062095642
282,200.0,49.329654693603516
283,200.0,48.98035788536072
284,200.0,49.30485415458679
285,200.0,49.214942932128906
286,200.0,49.221495628356934
287,200.0,49.32692337036133
288,200.0,49.370856285095215
289,200.0,49.38394570350647
290,200.0,49.57081913948059
291,200.0,49.426533699035645
292,200.0,49.656978607177734
293,200.0,49.568328857421875
294,200.0,49.798606395721436
295,200.0,49.94067740440369
296,200.0,49.93751335144043
297,200.0,50.381978273391724
298,200.0,50.59737730026245
299,200.0,50.09216547012329
