0,19.0,124.81942248344421
1,83.0,124.25757479667664
2,107.0,123.81784081459045
3,89.0,123.63667511940002
4,78.0,122.65492653846741
5,159.0,123.443186044693
6,200.0,122.98342776298523
7,169.0,122.29353451728821
8,164.0,121.82842230796814
9,86.0,121.31247234344482
10,200.0,121.94352126121521
11,197.0,120.14197444915771
12,155.0,119.66098713874817
13,200.0,119.19701743125916
14,200.0,119.5703239440918
15,200.0,118.04298996925354
16,200.0,117.31561708450317
17,200.0,117.7836606502533
18,200.0,117.36128997802734
19,200.0,116.01122236251831
20,200.0,115.58396077156067
21,200.0,114.99954962730408
22,200.0,113.55136013031006
23,200.0,113.30534267425537
24,200.0,113.02238416671753
25,200.0,112.8972532749176
26,200.0,112.12261271476746
27,200.0,111.43709635734558
28,200.0,110.92958426475525
29,200.0,110.27533292770386
30,200.0,109.32087802886963
31,200.0,107.9834508895874
32,200.0,106.92088556289673
33,200.0,106.75249600410461
34,200.0,105.73564457893372
35,200.0,104.69729948043823
36,200.0,104.14914536476135
37,200.0,102.14466118812561
38,200.0,102.05541157722473
39,200.0,101.25740218162537
40,200.0,99.65417957305908
41,200.0,98.93210983276367
42,200.0,98.73726439476013
43,200.0,97.66591429710388
44,200.0,97.2953691482544
45,200.0,96.21569609642029
46,200.0,95.71486473083496
47,200.0,95.99595093727112
48,200.0,94.73020625114441
49,200.0,94.40406012535095
50,200.0,93.87257122993469
51,200.0,93.34794402122498
52,200.0,93.49855041503906
53,200.0,92.4296281337738
54,200.0,91.52148175239563
55,200.0,90.80473208427429
56,200.0,90.63934445381165
57,200.0,88.96670961380005
58,200.0,87.57321691513062
59,200.0,86.53765892982483
60,200.0,85.04673218727112
61,200.0,83.64412474632263
62,200.0,83.46371293067932
63,200.0,82.35939335823059
64,200.0,82.41180396080017
65,200.0,80.18513536453247
66,200.0,79.96060347557068
67,200.0,79.7806339263916
68,200.0,78.59418606758118
69,200.0,78.58940935134888
70,200.0,77.77231955528259
71,200.0,76.57312798500061
72,200.0,76.13764452934265
73,200.0,75.95589113235474
74,200.0,75.18449115753174
75,200.0,74.24086737632751
76,200.0,73.51655054092407
77,200.0,73.17078876495361
78,200.0,72.74135708808899
79,200.0,72.011075258255
80,200.0,71.62487077713013
81,200.0,71.32426977157593
82,200.0,70.81782913208008
83,200.0,69.22265696525574
84,200.0,69.57195711135864
85,200.0,69.13623857498169
86,200.0,67.90776324272156
87,200.0,67.32115077972412
88,200.0,67.12888956069946
89,200.0,67.34436750411987
90,200.0,66.02981090545654
91,200.0,65.63206243515015
92,200.0,65.0697226524353
93,200.0,65.50201535224915
94,200.0,64.97389245033264
95,200.0,63.82921648025513
96,200.0,63.70771813392639
97,200.0,63.942715883255005
98,200.0,63.133283615112305
99,200.0,61.93843984603882
100,200.0,61.1331582069397
101,200.0,60.840240240097046
102,200.0,60.744770526885986
103,200.0,60.76087546348572
104,200.0,60.519984006881714
105,200.0,60.03501343727112
106,200.0,59.2769980430603
107,200.0,58.653011322021484
108,200.0,58.45602035522461
109,200.0,58.45949983596802
110,200.0,58.26877522468567
111,200.0,57.56854510307312
112,200.0,57.95846939086914
113,200.0,57.588340282440186
114,200.0,56.69356870651245
115,200.0,56.891743421554565
116,200.0,56.009639263153076
117,200.0,54.750295877456665
118,200.0,54.92750668525696
119,200.0,54.900129079818726
120,200.0,54.52663612365723
121,200.0,54.46565008163452
122,200.0,54.24625062942505
123,200.0,54.08074355125427
124,200.0,53.69154405593872
125,200.0,53.605618953704834
126,200.0,53.225855350494385
127,200.0,52.744362115859985
128,200.0,52.39924430847168
129,200.0,52.235480070114136
130,200.0,52.18184804916382
131,200.0,51.72807955741882
132,200.0,51.24255704879761
133,200.0,51.11621427536011
134,200.0,50.46533703804016
135,200.0,50.608619689941406
136,200.0,50.47843956947327
137,200.0,50.041433811187744
138,200.0,49.94713282585144
139,200.0,50.06060004234314
140,200.0,49.81636166572571
141,200.0,49.56306195259094
142,200.0,49.588157415390015
143,200.0,49.45636200904846
144,200.0,49.234291553497314
145,200.0,49.16373634338379
146,200.0,48.88890719413757
147,200.0,48.575241565704346
148,200.0,48.371464014053345
149,200.0,48.40530729293823
150,200.0,47.817195653915405
151,200.0,48.194732427597046
152,200.0,48.14821457862854
153,200.0,48.04449796676636
154,200.0,47.17346405982971
155,200.0,47.65489983558655
156,200.0,47.59854984283447
157,200.0,47.392075300216675
158,200.0,46.980894565582275
159,200.0,46.93723440170288
160,200.0,47.19808316230774
161,200.0,46.91326689720154
162,200.0,46.70451498031616
163,200.0,46.15550684928894
164,200.0,46.69237041473389
165,200.0,46.30690598487854
166,200.0,46.32746744155884
167,200.0,46.42102861404419
168,200.0,45.55366325378418
169,200.0,46.46721386909485
170,200.0,46.03587031364441
171,200.0,45.575170040130615
172,200.0,45.790055990219116
173,200.0,45.41182899475098
174,200.0,45.341517210006714
175,200.0,45.36962532997131
176,200.0,45.46938157081604
177,200.0,45.05042386054993
178,200.0,45.09110689163208
179,200.0,45.115644693374634
180,200.0,44.93899202346802
181,200.0,45.27189755439758
182,200.0,44.972538232803345
183,200.0,44.94219517707825
184,200.0,45.32554244995117
185,200.0,45.369672775268555
186,200.0,44.95389795303345
187,200.0,45.12551689147949
188,200.0,45.31454038619995
189,200.0,45.52369737625122
190,200.0,45.38479447364807
191,200.0,45.51222062110901
192,200.0,45.151262283325195
193,200.0,45.05503058433533
194,200.0,45.25643277168274
195,200.0,45.21913433074951
196,200.0,45.192211389541626
197,200.0,45.32471060752869
198,200.0,45.24736166000366
199,200.0,45.418155670166016
200,200.0,45.211721658706665
201,200.0,45.378390312194824
202,200.0,45.1292450428009
203,200.0,45.43692970275879
204,200.0,45.41162061691284
205,200.0,45.58734655380249
206,200.0,45.489885091781616
207,200.0,45.460859060287476
208,200.0,45.07813811302185
209,200.0,45.77736020088196
210,200.0,45.57088327407837
211,200.0,45.751235008239746
212,200.0,45.889689683914185
213,200.0,45.64862608909607
214,200.0,45.786401987075806
215,200.0,45.836527824401855
216,200.0,45.77472281455994
217,200.0,45.757431507110596
218,200.0,45.7443265914917
219,200.0,45.72136616706848
220,200.0,46.106794595718384
221,200.0,45.97438597679138
222,200.0,45.93172264099121
223,200.0,45.99366879463196
224,200.0,45.87729263305664
225,200.0,46.00979423522949
226,200.0,46.554439067840576
227,200.0,46.55033826828003
228,200.0,46.49965834617615
229,200.0,46.41308808326721
230,200.0,46.50463318824768
231,200.0,46.774564266204834
232,200.0,46.701759576797485
233,200.0,47.05020618438721
234,200.0,47.421550989151
235,200.0,47.25552749633789
236,200.0,47.69016218185425
237,200.0,47.49049735069275
238,200.0,47.62703585624695
239,200.0,47.831844329833984
240,200.0,48.27763056755066
241,200.0,47.865901708602905
242,200.0,47.99873471260071
243,200.0,48.35256290435791
244,200.0,48.57900667190552
245,200.0,48.64544892311096
246,200.0,48.95471453666687
247,200.0,48.49443793296814
248,200.0,48.89206075668335
249,200.0,48.39033842086792
250,200.0,49.43694734573364
251,200.0,48.99499821662903
252,200.0,48.063950061798096
253,200.0,48.01795148849487
254,200.0,48.14717960357666
255,200.0,48.35621476173401
256,200.0,48.51802182197571
257,200.0,48.167503118515015
258,200.0,48.81455206871033
259,200.0,48.6004536151886
260,200.0,48.72484493255615
261,200.0,48.927860498428345
262,200.0,49.128777503967285
263,200.0,49.674760818481445
264,200.0,49.382776975631714
265,200.0,49.49389719963074
266,200.0,49.44442129135132
267,200.0,49.42752814292908
268,200.0,49.894327878952026
269,200.0,50.539002418518066
270,200.0,49.97293496131897
271,200.0,50.71789002418518
272,200.0,50.67602801322937
273,200.0,50.70372462272644
274,200.0,50.11548829078674
275,200.0,50.44537544250488
276,200.0,50.5031316280365
277,200.0,50.857041120529175
278,200.0,50.74828052520752
279,200.0,51.11210227012634
280,200.0,51.20854616165161
281,200.0,51.7989182472229
282,200.0,51.014187812805176
283,200.0,51.11431694030762
284,200.0,51.21062517166138
285,200.0,51.72101664543152
286,200.0,51.79330039024353
287,200.0,51.626349210739136
288,200.0,51.48218011856079
289,200.0,51.99658274650574
290,200.0,52.14714694023132
291,200.0,52.102710247039795
292,200.0,52.306763887405396
293,200.0,52.552401065826416
294,200.0,52.381296157836914
295,200.0,52.441213607788086
296,200.0,52.71959328651428
297,200.0,52.99215126037598
298,200.0,53.477967500686646
299,200.0,53.624119997024536
