0,24.0,108.16910552978516
1,26.0,108.30522131919861
2,76.0,106.73399353027344
3,50.0,107.7056884765625
4,33.0,107.07663321495056
5,200.0,106.44460034370422
6,200.0,105.698566198349
7,200.0,105.52386689186096
8,200.0,104.62245965003967
9,200.0,104.1332106590271
10,199.0,104.18078017234802
11,200.0,105.30689454078674
12,200.0,104.32385063171387
13,199.0,102.92866945266724
14,200.0,102.79361486434937
15,200.0,102.20418620109558
16,200.0,102.20931458473206
17,200.0,101.56567239761353
18,200.0,100.86741328239441
19,200.0,100.41502618789673
20,200.0,100.50399541854858
21,200.0,99.31468224525452
22,200.0,99.39490413665771
23,200.0,99.25568199157715
24,200.0,98.58225345611572
25,200.0,97.4002377986908
26,200.0,95.90691566467285
27,200.0,96.31806564331055
28,200.0,96.20060348510742
29,200.0,96.20806527137756
30,200.0,95.08382725715637
31,200.0,94.71345210075378
32,200.0,94.98332834243774
33,200.0,93.57496047019958
34,200.0,92.97046899795532
35,200.0,93.15302872657776
36,200.0,92.47313523292542
37,200.0,92.12106800079346
38,200.0,91.48719143867493
39,200.0,90.4360978603363
40,200.0,90.51758122444153
41,200.0,90.0601532459259
42,200.0,89.83582782745361
43,200.0,88.9157989025116
44,200.0,87.85090804100037
45,200.0,86.98703718185425
46,200.0,87.07972073554993
47,200.0,85.81473660469055
48,200.0,85.80101370811462
49,200.0,85.02061057090759
50,200.0,84.34965705871582
51,200.0,83.31102705001831
52,200.0,82.68301033973694
53,200.0,82.5491030216217
54,200.0,82.57368302345276
55,200.0,81.92140340805054
56,200.0,81.85049700737
57,200.0,81.01921558380127
58,200.0,80.93733143806458
59,200.0,80.44828987121582
60,200.0,80.2667965888977
61,200.0,79.49021339416504
62,200.0,79.37919306755066
63,200.0,78.59771227836609
64,200.0,78.36776089668274
65,200.0,77.9746766090393
66,200.0,76.6582293510437
67,200.0,76.63639903068542
68,200.0,75.85148119926453
69,200.0,75.36246395111084
70,200.0,74.47701239585876
71,200.0,74.53507590293884
72,200.0,73.67216157913208
73,200.0,73.16010546684265
74,200.0,73.0106828212738
75,200.0,72.33150601387024
76,200.0,72.4772310256958
77,200.0,71.87691164016724
78,200.0,71.60321545600891
79,200.0,70.96620798110962
80,200.0,70.05575203895569
81,200.0,69.59683012962341
82,200.0,68.92196869850159
83,200.0,67.82164263725281
84,200.0,67.77497172355652
85,200.0,68.24846649169922
86,200.0,67.0110695362091
87,200.0,66.31493353843689
88,200.0,65.763103723526
89,200.0,65.49441385269165
90,200.0,65.55423212051392
91,200.0,64.53163933753967
92,200.0,64.50717949867249
93,200.0,63.563485860824585
94,200.0,63.150877237319946
95,200.0,63.227928161621094
96,200.0,63.03837585449219
97,200.0,62.60633206367493
98,200.0,61.706302881240845
99,200.0,61.44379639625549
100,200.0,61.351248025894165
101,200.0,60.588162660598755
102,200.0,60.37845230102539
103,200.0,59.733540058135986
104,200.0,59.85896873474121
105,200.0,59.07703137397766
106,200.0,58.55908465385437
107,200.0,58.58973813056946
108,200.0,58.49954128265381
109,200.0,58.41368269920349
110,200.0,58.14497971534729
111,200.0,57.44150733947754
112,200.0,57.088268518447876
113,200.0,56.82217288017273
114,200.0,57.13831400871277
115,200.0,56.683406591415405
116,200.0,56.17808532714844
117,200.0,55.38426065444946
118,200.0,55.447282791137695
119,200.0,55.62600374221802
120,200.0,54.8984010219574
121,200.0,55.31237030029297
122,200.0,54.56580686569214
123,200.0,54.40455985069275
124,200.0,54.44001913070679
125,200.0,54.28933310508728
126,200.0,54.38815212249756
127,200.0,53.65538287162781
128,200.0,53.58748769760132
129,200.0,53.48563313484192
130,200.0,53.162994146347046
131,200.0,53.056023836135864
132,200.0,53.41529035568237
133,200.0,52.71283721923828
134,200.0,53.16207671165466
135,200.0,53.331921100616455
136,200.0,53.098161935806274
137,200.0,52.30880260467529
138,200.0,52.340328216552734
139,200.0,52.2526330947876
140,200.0,52.167397260665894
141,200.0,51.96738934516907
142,200.0,52.64573645591736
143,200.0,51.88664698600769
144,200.0,51.89976668357849
145,200.0,51.5103874206543
146,200.0,51.44600749015808
147,200.0,51.24696636199951
148,200.0,51.66102600097656
149,200.0,51.16536784172058
150,200.0,51.13455605506897
151,200.0,50.34652256965637
152,200.0,50.1343777179718
153,200.0,49.63412618637085
154,200.0,49.65804052352905
155,200.0,49.453312158584595
156,200.0,49.49415421485901
157,200.0,49.57904100418091
158,200.0,49.215479135513306
159,200.0,48.95848107337952
160,200.0,49.65925645828247
161,200.0,49.17258977890015
162,200.0,48.89926886558533
163,200.0,48.53920340538025
164,200.0,48.70309376716614
165,200.0,48.275301933288574
166,200.0,48.01901149749756
167,200.0,47.978633642196655
168,200.0,47.72664451599121
169,200.0,47.757171630859375
170,200.0,47.97733521461487
171,200.0,47.97755575180054
172,200.0,47.60065054893494
173,200.0,47.48109316825867
174,200.0,47.248449087142944
175,200.0,46.754645109176636
176,200.0,46.9410035610199
177,200.0,46.78997349739075
178,200.0,47.13392972946167
179,200.0,47.44047975540161
180,200.0,47.09005928039551
181,200.0,47.24397397041321
182,200.0,47.261282444000244
183,200.0,46.808130502700806
184,200.0,46.46718120574951
185,200.0,46.46033596992493
186,200.0,46.57852649688721
187,200.0,47.02737903594971
188,200.0,46.80967164039612
189,200.0,47.12033414840698
190,200.0,47.11424446105957
191,200.0,46.523194789886475
192,200.0,46.530513286590576
193,200.0,47.014620542526245
194,200.0,46.45137095451355
195,200.0,46.76371741294861
196,200.0,46.26965522766113
197,200.0,46.09125781059265
198,200.0,46.23678112030029
199,200.0,46.05343675613403
200,200.0,46.14574074745178
201,200.0,46.02282428741455
202,200.0,45.785317182540894
203,200.0,45.84207320213318
204,200.0,45.76847743988037
205,200.0,45.806968688964844
206,200.0,45.946073055267334
207,200.0,45.782267808914185
208,200.0,46.02875113487244
209,200.0,46.0040602684021
210,200.0,46.03765296936035
211,200.0,46.61429405212402
212,200.0,46.31682372093201
213,200.0,46.44630479812622
214,200.0,45.7657904624939
215,200.0,45.73085832595825
216,200.0,45.373279094696045
217,200.0,45.60779905319214
218,200.0,46.00395655632019
219,200.0,46.1845977306366
220,200.0,46.03231406211853
221,200.0,45.97091722488403
222,200.0,45.959415435791016
223,200.0,46.01373744010925
224,200.0,46.447269678115845
225,200.0,46.22804284095764
226,200.0,46.17161273956299
227,200.0,46.60370397567749
228,200.0,46.46027421951294
229,200.0,46.537537813186646
230,200.0,47.05176067352295
231,200.0,47.03342366218567
232,200.0,47.48033142089844
233,200.0,47.222479820251465
234,200.0,47.43426561355591
235,200.0,47.00113916397095
236,200.0,47.20449113845825
237,200.0,47.33503317832947
238,200.0,47.65366864204407
239,200.0,47.64402174949646
240,200.0,47.65643119812012
241,200.0,47.868046283721924
242,200.0,47.68335676193237
243,200.0,47.57212853431702
244,200.0,47.487666606903076
245,200.0,47.34351682662964
246,200.0,47.881529808044434
247,200.0,47.67581796646118
248,200.0,47.25121021270752
249,200.0,47.453513860702515
250,200.0,47.39867448806763
251,200.0,47.47616171836853
252,200.0,47.81698441505432
253,200.0,47.379589557647705
254,200.0,47.56872081756592
255,200.0,48.030646562576294
256,200.0,48.234952211380005
257,200.0,48.09639239311218
258,200.0,47.9792206287384
259,200.0,48.09648108482361
260,200.0,48.14176845550537
261,200.0,48.268463134765625
262,200.0,47.656532287597656
263,200.0,47.851051807403564
264,200.0,47.88798546791077
265,200.0,48.40524125099182
266,200.0,48.63901686668396
267,200.0,48.24536752700806
268,200.0,48.255051374435425
269,200.0,48.412580490112305
270,200.0,48.501755714416504
271,200.0,48.02749180793762
272,200.0,48.36870217323303
273,200.0,48.54196071624756
274,200.0,48.59786033630371
275,200.0,48.47165560722351
276,200.0,48.42629551887512
277,200.0,48.62240242958069
278,200.0,48.492104291915894
279,200.0,48.72244644165039
280,200.0,48.99982142448425
281,200.0,49.48190784454346
282,200.0,49.04886484146118
283,200.0,49.094130516052246
284,200.0,49.63849091529846
285,200.0,49.198909759521484
286,200.0,49.56956243515015
287,200.0,49.35104727745056
288,200.0,49.54638147354126
289,200.0,49.34740114212036
290,200.0,49.9899263381958
291,200.0,49.90676760673523
292,200.0,50.26827907562256
293,200.0,50.05070781707764
294,200.0,49.713640451431274
295,200.0,49.80301856994629
296,200.0,50.098729372024536
297,200.0,50.38519835472107
298,200.0,50.15617656707764
299,200.0,50.52001333236694
