0,31.0,109.75324559211731
1,54.0,109.35441017150879
2,116.0,109.50013971328735
3,109.0,108.88725066184998
4,100.0,108.74534487724304
5,96.0,108.81470084190369
6,154.0,108.43132138252258
7,160.0,107.44405817985535
8,176.0,107.26750159263611
9,168.0,107.30309844017029
10,194.0,106.51079106330872
11,200.0,106.28230857849121
12,185.0,106.31241273880005
13,200.0,106.22250485420227
14,200.0,105.231360912323
15,200.0,104.92644953727722
16,174.0,105.19144558906555
17,200.0,104.65907716751099
18,200.0,103.54679226875305
19,193.0,103.7897801399231
20,200.0,103.60252237319946
21,128.0,102.85391807556152
22,200.0,102.8316171169281
23,200.0,102.19250750541687
24,189.0,102.10775113105774
25,200.0,101.47651863098145
26,200.0,100.69168519973755
27,188.0,100.85024404525757
28,197.0,101.00495100021362
29,200.0,100.35434794425964
30,200.0,99.62660312652588
31,179.0,98.50586438179016
32,200.0,96.87332558631897
33,200.0,96.47736525535583
34,194.0,95.44825530052185
35,200.0,94.4796290397644
36,200.0,93.17344903945923
37,187.0,91.88830399513245
38,200.0,91.17619371414185
39,200.0,91.32892680168152
40,200.0,90.20511078834534
41,186.0,89.93642449378967
42,200.0,88.91942739486694
43,200.0,89.43637728691101
44,187.0,89.11481308937073
45,200.0,87.66714024543762
46,200.0,86.87632584571838
47,200.0,86.40357208251953
48,200.0,85.71238255500793
49,200.0,85.11464858055115
50,200.0,84.09301805496216
51,200.0,83.41967010498047
52,200.0,82.40339183807373
53,200.0,82.17828154563904
54,200.0,81.83176851272583
55,200.0,80.86505436897278
56,200.0,80.79312419891357
57,200.0,80.99567365646362
58,200.0,80.48339009284973
59,200.0,80.47207450866699
60,188.0,79.61084342002869
61,186.0,78.67634582519531
62,200.0,78.32595372200012
63,182.0,77.60994863510132
64,200.0,77.19819664955139
65,200.0,76.13144969940186
66,200.0,74.90563249588013
67,200.0,74.25153231620789
68,200.0,73.42753005027771
69,200.0,72.93488931655884
70,200.0,72.55958604812622
71,191.0,73.10347509384155
72,200.0,72.45614767074585
73,200.0,71.49052548408508
74,200.0,70.78179931640625
75,182.0,70.5001573562622
76,200.0,70.5305323600769
77,200.0,70.33987998962402
78,190.0,69.98102378845215
79,200.0,69.60904550552368
80,200.0,69.32726073265076
81,200.0,68.68381810188293
82,200.0,68.5180435180664
83,200.0,68.09689998626709
84,200.0,68.05046892166138
85,200.0,67.3831627368927
86,200.0,67.30463886260986
87,200.0,65.70325827598572
88,200.0,65.51596522331238
89,200.0,64.99457907676697
90,200.0,64.87553143501282
91,200.0,64.3037781715393
92,200.0,63.897711515426636
93,200.0,63.43442249298096
94,200.0,62.78730511665344
95,200.0,62.21616816520691
96,200.0,62.76544117927551
97,200.0,61.77949333190918
98,200.0,61.02481174468994
99,200.0,60.66644763946533
100,200.0,60.726882219314575
101,200.0,59.824766874313354
102,200.0,59.69935584068298
103,200.0,59.482529163360596
104,200.0,59.485820293426514
105,200.0,59.942261934280396
106,200.0,58.977917432785034
107,200.0,58.878849029541016
108,200.0,58.78951954841614
109,200.0,58.462891817092896
110,200.0,57.79106831550598
111,200.0,57.495676040649414
112,200.0,56.99564266204834
113,200.0,56.93133187294006
114,179.0,56.43951153755188
115,195.0,56.038901567459106
116,169.0,55.64880990982056
117,179.0,55.479161500930786
118,173.0,54.934288024902344
119,200.0,54.7158567905426
120,200.0,54.63862347602844
121,200.0,54.95423650741577
122,200.0,54.82996225357056
123,185.0,54.31908345222473
124,200.0,54.58367991447449
125,200.0,53.582162380218506
126,200.0,53.9427387714386
127,200.0,52.98631691932678
128,200.0,53.03645324707031
129,200.0,53.05700874328613
130,200.0,52.618220806121826
131,200.0,52.381349086761475
132,200.0,52.13431525230408
133,200.0,51.836509227752686
134,200.0,51.80764555931091
135,189.0,51.42895030975342
136,200.0,51.086087465286255
137,198.0,50.444016218185425
138,184.0,50.20905303955078
139,200.0,50.00027370452881
140,200.0,50.26050639152527
141,200.0,49.454318046569824
142,200.0,49.60789942741394
143,200.0,49.317201137542725
144,170.0,49.0477409362793
145,200.0,48.869925022125244
146,200.0,48.698091983795166
147,181.0,49.12227487564087
148,200.0,48.33172249794006
149,200.0,48.08532381057739
150,179.0,48.241058588027954
151,177.0,48.045569896698
152,200.0,47.59525799751282
153,200.0,47.08961534500122
154,200.0,46.89834260940552
155,200.0,46.582563638687134
156,200.0,46.7893750667572
157,200.0,46.785942792892456
158,200.0,46.804954290390015
159,200.0,46.68467926979065
160,200.0,46.323556423187256
161,200.0,46.05551838874817
162,200.0,46.339842796325684
163,200.0,45.719918727874756
164,200.0,45.616722106933594
165,200.0,45.640236377716064
166,200.0,45.3698034286499
167,200.0,45.229554891586304
168,200.0,45.04689431190491
169,200.0,44.76821422576904
170,200.0,44.648188829422
171,200.0,44.92580556869507
172,200.0,44.23815321922302
173,200.0,44.26626896858215
174,200.0,44.233083724975586
175,200.0,44.20806646347046
176,200.0,43.70307803153992
177,200.0,43.957629680633545
178,200.0,43.91765260696411
179,200.0,43.524322271347046
180,200.0,43.06895565986633
181,200.0,43.270445823669434
182,200.0,43.335458278656006
183,200.0,42.79736399650574
184,200.0,42.62879180908203
185,200.0,42.48343634605408
186,200.0,42.42920923233032
187,200.0,42.47765350341797
188,200.0,42.34762144088745
189,200.0,42.45306348800659
190,198.0,42.760539531707764
191,200.0,42.7585711479187
192,200.0,42.82580542564392
193,200.0,42.191383838653564
194,200.0,42.291780948638916
195,200.0,42.70145511627197
196,200.0,42.51050877571106
197,200.0,41.90114998817444
198,200.0,42.44864869117737
199,200.0,41.822569608688354
200,200.0,42.12615966796875
201,200.0,42.27256512641907
202,200.0,41.9875705242157
203,200.0,41.88755464553833
204,146.0,42.28824496269226
205,168.0,41.81414198875427
206,200.0,41.8537073135376
207,158.0,42.0498526096344
208,200.0,42.32505750656128
209,200.0,42.26499557495117
210,200.0,42.23170804977417
211,158.0,42.10706853866577
212,200.0,42.463831424713135
213,200.0,42.46307134628296
214,200.0,42.27479529380798
215,159.0,42.03255224227905
216,168.0,42.36282992362976
217,177.0,42.79504609107971
218,200.0,42.54261612892151
219,200.0,42.206663370132446
220,151.0,42.52643013000488
221,200.0,42.677900552749634
222,200.0,42.13851523399353
223,200.0,42.655309438705444
224,200.0,42.573163986206055
225,200.0,42.05446743965149
226,200.0,42.41214060783386
227,200.0,42.7621648311615
228,200.0,42.80087399482727
229,200.0,42.384562730789185
230,200.0,42.644126415252686
231,200.0,42.43700361251831
232,200.0,42.23045015335083
233,200.0,42.72738265991211
234,200.0,42.42216992378235
235,200.0,42.574498653411865
236,200.0,42.367321491241455
237,200.0,42.46422624588013
238,200.0,42.82819080352783
239,200.0,42.505308389663696
240,200.0,42.77457046508789
241,200.0,42.4727201461792
242,200.0,42.45278835296631
243,200.0,42.851855754852295
244,200.0,42.99410128593445
245,200.0,42.650986671447754
246,200.0,42.880730628967285
247,200.0,43.23239707946777
248,200.0,42.9850378036499
249,200.0,42.877678871154785
250,200.0,42.941720724105835
251,200.0,43.041264295578
252,200.0,43.11771035194397
253,200.0,43.185641288757324
254,200.0,43.57463359832764
255,200.0,43.75244760513306
256,200.0,43.31608200073242
257,200.0,43.60610222816467
258,200.0,43.642624616622925
259,200.0,43.34850740432739
260,200.0,43.54814386367798
261,200.0,43.47563123703003
262,161.0,43.483328342437744
263,164.0,43.534913063049316
264,185.0,43.60786461830139
265,200.0,43.92361378669739
266,185.0,44.33780837059021
267,174.0,43.746959924697876
268,200.0,44.00468730926514
269,200.0,44.14876437187195
270,165.0,43.87695097923279
271,200.0,44.0419704914093
272,200.0,44.078720569610596
273,200.0,44.508888959884644
274,200.0,44.18383765220642
275,200.0,44.22128224372864
276,200.0,44.60096764564514
277,200.0,44.39963507652283
278,169.0,44.875014305114746
279,175.0,44.87983560562134
280,200.0,44.58872413635254
281,200.0,44.92269206047058
282,200.0,44.589645862579346
283,200.0,44.60189986228943
284,200.0,45.15184926986694
285,166.0,45.0147271156311
286,188.0,45.04103946685791
287,200.0,44.93998146057129
288,200.0,44.99039149284363
289,192.0,45.58527660369873
290,200.0,45.3037428855896
291,200.0,45.647910833358765
292,200.0,45.90509867668152
293,170.0,45.952353954315186
294,186.0,45.83990287780762
295,200.0,45.52769184112549
296,183.0,45.532705783843994
297,162.0,45.643168687820435
298,200.0,46.15732502937317
299,192.0,46.14490628242493
