0,43.0,116.32834720611572
1,200.0,115.8498888015747
2,200.0,115.6675066947937
3,200.0,114.75097227096558
4,200.0,114.44777631759644
5,142.0,115.42049908638
6,161.0,114.17572069168091
7,200.0,113.92214512825012
8,200.0,113.263254404068
9,171.0,112.05759334564209
10,200.0,112.57399034500122
11,178.0,111.85191226005554
12,172.0,110.9414005279541
13,195.0,110.76559948921204
14,135.0,110.91067814826965
15,153.0,109.61062908172607
16,200.0,109.36578583717346
17,200.0,110.55548644065857
18,200.0,109.4778163433075
19,200.0,107.54751443862915
20,200.0,107.06333374977112
21,169.0,107.33756732940674
22,199.0,106.62416386604309
23,200.0,104.89150261878967
24,200.0,105.22666025161743
25,200.0,104.59564328193665
26,200.0,103.49559450149536
27,200.0,101.66484808921814
28,200.0,100.36506533622742
29,200.0,100.10889959335327
30,200.0,99.18272519111633
31,200.0,97.54895281791687
32,200.0,97.39095687866211
33,200.0,96.80865526199341
34,200.0,95.42816257476807
35,200.0,94.54179120063782
36,200.0,95.44515776634216
37,200.0,94.546138048172
38,200.0,93.17968821525574
39,200.0,92.40152764320374
40,200.0,91.39108777046204
41,200.0,91.50020718574524
42,200.0,91.33279752731323
43,200.0,90.63156747817993
44,200.0,89.20557045936584
45,200.0,88.54611849784851
46,200.0,87.85664629936218
47,200.0,87.5569167137146
48,200.0,85.64260482788086
49,200.0,84.4385347366333
50,200.0,84.87145137786865
51,200.0,83.65188479423523
52,200.0,82.4667456150055
53,200.0,82.86318802833557
54,200.0,81.99126243591309
55,200.0,81.79005241394043
56,200.0,81.14480328559875
57,200.0,80.89767003059387
58,200.0,80.67669010162354
59,200.0,79.42834997177124
60,200.0,79.12945079803467
61,200.0,79.0014533996582
62,200.0,77.55000233650208
63,200.0,77.46103620529175
64,200.0,76.6973249912262
65,200.0,76.26243853569031
66,200.0,75.47695851325989
67,200.0,75.02875065803528
68,200.0,74.80102396011353
69,200.0,73.70551562309265
70,200.0,73.05385231971741
71,200.0,72.48479080200195
72,200.0,71.8993809223175
73,200.0,71.94945812225342
74,200.0,71.71062517166138
75,200.0,70.80139875411987
76,200.0,70.20006775856018
77,200.0,70.37314748764038
78,200.0,69.73745608329773
79,200.0,67.89890027046204
80,200.0,67.41317439079285
81,200.0,67.4778311252594
82,200.0,67.75564241409302
83,200.0,66.95826649665833
84,200.0,66.93263101577759
85,200.0,66.28118252754211
86,200.0,65.56239581108093
87,200.0,65.3778326511383
88,200.0,64.49972009658813
89,200.0,63.93141007423401
90,200.0,63.55327749252319
91,200.0,63.264319896698
92,200.0,62.11818861961365
93,200.0,61.92405128479004
94,200.0,61.682387351989746
95,200.0,61.60205149650574
96,200.0,61.42990326881409
97,200.0,60.648515939712524
98,200.0,60.8348445892334
99,200.0,60.36255717277527
100,200.0,59.55519342422485
101,200.0,58.545257329940796
102,200.0,57.95801138877869
103,200.0,58.459717988967896
104,200.0,57.86593580245972
105,200.0,57.77668309211731
106,200.0,57.26395535469055
107,200.0,56.84936451911926
108,200.0,56.21102523803711
109,200.0,56.066627502441406
110,200.0,55.91064500808716
111,200.0,55.58806276321411
112,200.0,55.62692046165466
113,200.0,55.459155559539795
114,200.0,54.694761514663696
115,200.0,54.645968198776245
116,200.0,54.311978578567505
117,200.0,53.705771684646606
118,200.0,53.97621464729309
119,200.0,53.52314329147339
120,200.0,53.54502534866333
121,200.0,52.61634349822998
122,200.0,52.80727696418762
123,200.0,52.48722434043884
124,200.0,52.2235541343689
125,200.0,52.33490061759949
126,200.0,51.7314989566803
127,200.0,51.23958969116211
128,200.0,50.90208673477173
129,200.0,50.598347187042236
130,200.0,50.41439390182495
131,200.0,50.34514021873474
132,200.0,49.691773891448975
133,200.0,50.040618658065796
134,200.0,50.24500060081482
135,200.0,49.551355600357056
136,200.0,49.37418246269226
137,200.0,49.09672927856445
138,200.0,49.19573378562927
139,200.0,48.789671421051025
140,200.0,48.622889041900635
141,200.0,48.490758419036865
142,200.0,48.223557472229004
143,200.0,48.18687129020691
144,200.0,47.86435794830322
145,200.0,47.485745906829834
146,200.0,47.1813588142395
147,200.0,47.38542723655701
148,200.0,47.08546161651611
149,200.0,46.597800493240356
150,200.0,46.31003975868225
151,200.0,46.40601110458374
152,200.0,46.038947105407715
153,200.0,45.44557523727417
154,200.0,45.25494432449341
155,200.0,44.98248553276062
156,200.0,44.868274450302124
157,200.0,45.17959547042847
158,200.0,44.534361600875854
159,200.0,44.80479621887207
160,200.0,44.28229856491089
161,200.0,44.56937766075134
162,200.0,44.864750385284424
163,200.0,44.419193744659424
164,200.0,44.291520833969116
165,200.0,44.82636785507202
166,200.0,43.92424559593201
167,200.0,44.9337842464447
168,200.0,43.90717697143555
169,200.0,44.093578815460205
170,200.0,43.70851945877075
171,200.0,43.51278281211853
172,200.0,43.55484747886658
173,200.0,43.63545632362366
174,200.0,43.348554611206055
175,200.0,43.17581558227539
176,200.0,43.44958281517029
177,200.0,43.14676475524902
178,200.0,43.03823399543762
179,200.0,43.38305044174194
180,200.0,43.5266900062561
181,200.0,42.87351965904236
182,200.0,43.151504039764404
183,200.0,43.00771355628967
184,200.0,42.9144868850708
185,200.0,42.700913429260254
186,200.0,42.95125412940979
187,200.0,42.97566032409668
188,200.0,43.279014110565186
189,200.0,43.13084030151367
190,200.0,42.82757806777954
191,200.0,42.96425724029541
192,200.0,42.670621395111084
193,200.0,42.68631553649902
194,200.0,43.197086572647095
195,200.0,42.85414147377014
196,200.0,43.429755210876465
197,200.0,42.78342866897583
198,200.0,43.13711905479431
199,200.0,42.835338830947876
200,200.0,42.99629807472229
201,200.0,42.745121717453
202,200.0,42.86614966392517
203,200.0,42.77819275856018
204,200.0,42.82024836540222
205,200.0,42.78074908256531
206,200.0,43.00556564331055
207,200.0,42.86906576156616
208,200.0,43.040552616119385
209,200.0,42.85947632789612
210,200.0,42.87820100784302
211,200.0,42.918314695358276
212,200.0,43.337666749954224
213,200.0,43.36856007575989
214,200.0,43.052642583847046
215,200.0,43.00221300125122
216,200.0,43.58146119117737
217,200.0,43.475351333618164
218,200.0,43.56782293319702
219,200.0,43.115586280822754
220,200.0,43.42992448806763
221,200.0,43.588507413864136
222,200.0,43.61404776573181
223,200.0,43.42555332183838
224,200.0,43.426286935806274
225,200.0,44.17943549156189
226,200.0,43.76056885719299
227,200.0,43.65793180465698
228,200.0,43.723166942596436
229,200.0,43.6889374256134
230,200.0,43.63309097290039
231,200.0,43.54868984222412
232,200.0,43.431538105010986
233,200.0,43.431047201156616
234,200.0,43.548487424850464
235,200.0,43.498639822006226
236,200.0,43.60486602783203
237,200.0,44.183796405792236
238,200.0,44.01492619514465
239,200.0,43.77565836906433
240,200.0,43.971073627471924
241,200.0,43.77462959289551
242,200.0,43.89203667640686
243,200.0,44.455477714538574
244,200.0,44.07380175590515
245,200.0,43.97781944274902
246,200.0,44.01443409919739
247,200.0,44.407819509506226
248,200.0,44.403260231018066
249,200.0,43.91093993186951
250,200.0,44.05558919906616
251,200.0,44.17022633552551
252,200.0,44.57422089576721
253,200.0,44.335453748703
254,200.0,44.338022232055664
255,200.0,44.662965536117554
256,200.0,44.55112433433533
257,200.0,44.867846965789795
258,200.0,44.736016511917114
259,200.0,44.776326179504395
260,200.0,45.470004081726074
261,200.0,45.159565925598145
262,200.0,44.85009980201721
263,200.0,45.16056513786316
264,200.0,45.77180767059326
265,200.0,45.62916541099548
266,200.0,45.080411434173584
267,200.0,45.1942195892334
268,200.0,45.26506423950195
269,200.0,45.23482799530029
270,200.0,45.58479714393616
271,200.0,45.58891153335571
272,200.0,45.95897102355957
273,200.0,45.91410303115845
274,200.0,45.82488012313843
275,200.0,45.71088624000549
276,200.0,45.65180516242981
277,200.0,46.200520277023315
278,200.0,45.946274757385254
279,200.0,46.66614770889282
280,200.0,46.198898792266846
281,200.0,46.041621685028076
282,200.0,46.15706181526184
283,200.0,46.26611328125
284,200.0,46.3377730846405
285,200.0,46.115880727767944
286,200.0,46.316174268722534
287,200.0,46.24049615859985
288,200.0,46.49308204650879
289,200.0,46.58902549743652
290,200.0,46.6269428730011
291,200.0,46.82436656951904
292,200.0,47.36598801612854
293,200.0,46.552988052368164
294,200.0,46.63542199134827
295,200.0,46.664212465286255
296,200.0,46.78321170806885
297,200.0,46.92423105239868
298,200.0,47.782304525375366
299,200.0,47.05985617637634
