0,20.0,139.67111897468567
1,200.0,139.61783504486084
2,200.0,138.76276874542236
3,200.0,139.65113496780396
4,200.0,139.50061321258545
5,200.0,138.47474646568298
6,200.0,139.30176305770874
7,200.0,138.07643604278564
8,200.0,136.97169995307922
9,200.0,138.12006282806396
10,200.0,137.5011124610901
11,200.0,137.61789298057556
12,200.0,135.9625325202942
13,200.0,135.96855211257935
14,200.0,134.24770617485046
15,200.0,132.95880794525146
16,200.0,132.87900400161743
17,200.0,133.253835439682
18,200.0,133.20327734947205
19,200.0,131.33602356910706
20,200.0,131.02067518234253
21,200.0,130.5093355178833
22,200.0,129.0622420310974
23,200.0,128.5753138065338
24,112.0,128.56325387954712
25,200.0,127.83797645568848
26,168.0,127.64307761192322
27,159.0,125.7515652179718
28,196.0,126.00985479354858
29,200.0,125.98824143409729
30,110.0,124.89880347251892
31,200.0,124.218581199646
32,112.0,122.54506278038025
33,200.0,121.35257005691528
34,136.0,120.3109278678894
35,191.0,120.32599377632141
36,191.0,120.25346517562866
37,200.0,118.92182040214539
38,200.0,117.90644884109497
39,147.0,116.37278866767883
40,177.0,114.47943806648254
41,106.0,114.23572659492493
42,134.0,113.19899702072144
43,200.0,113.12130808830261
44,133.0,112.28603434562683
45,200.0,110.71673965454102
46,200.0,109.73357915878296
47,183.0,109.50310754776001
48,200.0,107.61699724197388
49,200.0,107.59319972991943
50,98.0,107.29820084571838
51,147.0,105.87334680557251
52,200.0,104.83336663246155
53,98.0,103.25059771537781
54,200.0,102.79912042617798
55,192.0,101.50606799125671
56,173.0,101.4125428199768
57,187.0,99.93751740455627
58,114.0,100.10471081733704
59,141.0,98.30703735351562
60,102.0,97.8732807636261
61,200.0,97.74708104133606
62,200.0,96.7240960597992
63,123.0,96.52305889129639
64,118.0,95.5462658405304
65,178.0,94.51338195800781
66,155.0,93.88631582260132
67,105.0,93.71858429908752
68,200.0,92.81451845169067
69,200.0,91.64680027961731
70,113.0,90.98379850387573
71,200.0,90.09576797485352
72,128.0,89.86826491355896
73,158.0,89.2124228477478
74,200.0,88.53775000572205
75,183.0,87.60134816169739
76,114.0,85.69702816009521
77,161.0,85.15195083618164
78,200.0,85.23746943473816
79,117.0,84.60427737236023
80,120.0,84.22008228302002
81,200.0,84.04612040519714
82,157.0,83.67571663856506
83,200.0,83.0366473197937
84,200.0,82.2272846698761
85,200.0,80.86839485168457
86,200.0,79.31561660766602
87,200.0,78.5565595626831
88,200.0,77.61012935638428
89,200.0,77.13063192367554
90,200.0,76.52048349380493
91,200.0,76.10617184638977
92,200.0,75.63437461853027
93,200.0,75.23008680343628
94,200.0,74.36136436462402
95,200.0,73.48219537734985
96,200.0,73.97953963279724
97,200.0,73.13336324691772
98,200.0,72.65919184684753
99,200.0,72.31164383888245
100,200.0,71.58255338668823
101,200.0,71.64615726470947
102,200.0,70.72635626792908
103,200.0,70.45700883865356
104,200.0,69.89414739608765
105,200.0,70.63417959213257
106,200.0,69.22160291671753
107,200.0,69.61479663848877
108,200.0,68.94665837287903
109,200.0,68.39519190788269
110,200.0,67.83307361602783
111,200.0,67.66514348983765
112,200.0,67.07922458648682
113,200.0,67.35321378707886
114,200.0,67.00953197479248
115,200.0,66.61649918556213
116,200.0,66.51279854774475
117,200.0,65.88106751441956
118,200.0,65.52177548408508
119,200.0,65.29677486419678
120,200.0,65.12246918678284
121,200.0,64.62279224395752
122,200.0,64.1115734577179
123,200.0,63.792166233062744
124,200.0,62.97699451446533
125,200.0,62.091113567352295
126,200.0,62.049670457839966
127,200.0,61.34361696243286
128,200.0,61.51494002342224
129,200.0,61.00192356109619
130,200.0,60.7364296913147
131,200.0,60.10858678817749
132,200.0,60.2141592502594
133,200.0,60.42288780212402
134,200.0,60.24626445770264
135,200.0,59.5758056640625
136,200.0,59.168456077575684
137,200.0,58.83924460411072
138,200.0,58.68677234649658
139,200.0,58.86381816864014
140,200.0,58.26447296142578
141,200.0,58.3147656917572
142,200.0,57.86209774017334
143,200.0,57.943398237228394
144,200.0,57.97517657279968
145,200.0,58.133673667907715
146,200.0,57.11889982223511
147,200.0,57.27416110038757
148,200.0,57.593764543533325
149,200.0,57.24197697639465
150,200.0,56.84741544723511
151,200.0,56.60581350326538
152,200.0,56.46163749694824
153,200.0,56.37975311279297
154,200.0,56.644102334976196
155,200.0,56.37307643890381
156,200.0,55.68710517883301
157,200.0,55.9264931678772
158,200.0,56.003483057022095
159,200.0,56.18990111351013
160,200.0,55.94414281845093
161,200.0,55.59625697135925
162,200.0,55.399534940719604
163,200.0,55.131967306137085
164,200.0,54.65370750427246
165,200.0,55.36679029464722
166,200.0,55.29174733161926
167,200.0,54.74126863479614
168,200.0,54.01711440086365
169,200.0,54.61510705947876
170,200.0,54.18035435676575
171,200.0,54.32292890548706
172,200.0,53.95891976356506
173,200.0,54.05692005157471
174,200.0,53.55757021903992
175,200.0,53.23489046096802
176,200.0,53.571436643600464
177,200.0,53.44094371795654
178,200.0,53.260091066360474
179,200.0,53.41993594169617
180,200.0,53.15554761886597
181,200.0,53.20051693916321
182,200.0,53.21138024330139
183,200.0,53.44493532180786
184,200.0,53.45920944213867
185,200.0,53.05209136009216
186,200.0,53.357969760894775
187,200.0,53.01832032203674
188,200.0,53.34860157966614
189,200.0,53.07428574562073
190,200.0,52.73845195770264
191,200.0,52.528316497802734
192,200.0,52.79048991203308
193,200.0,52.83398175239563
194,200.0,52.879719734191895
195,200.0,52.756898403167725
196,200.0,52.63594937324524
197,200.0,52.87159252166748
198,200.0,52.69125938415527
199,200.0,52.75808048248291
200,200.0,52.849223375320435
201,200.0,52.409008502960205
202,200.0,52.44476008415222
203,200.0,52.81935095787048
204,200.0,52.539860010147095
205,200.0,52.2512948513031
206,200.0,52.043938875198364
207,200.0,51.9582576751709
208,200.0,52.280176877975464
209,200.0,52.22862982749939
210,200.0,52.510534048080444
211,200.0,52.420079946517944
212,200.0,52.458930253982544
213,200.0,52.80452919006348
214,200.0,52.94918704032898
215,200.0,52.87987470626831
216,200.0,52.312243938446045
217,200.0,52.65353965759277
218,200.0,52.80314922332764
219,200.0,52.23267889022827
220,200.0,52.56569695472717
221,200.0,52.55140471458435
222,200.0,52.66954040527344
223,200.0,52.4108464717865
224,200.0,52.36614680290222
225,200.0,52.91535949707031
226,200.0,52.9936728477478
227,200.0,52.76790380477905
228,200.0,52.60566782951355
229,200.0,52.75456213951111
230,200.0,52.927438259124756
231,200.0,52.91686129570007
232,200.0,52.61450266838074
233,200.0,53.15904712677002
234,200.0,52.96621584892273
235,200.0,53.14708185195923
236,200.0,52.910194635391235
237,200.0,52.885690212249756
238,200.0,52.79128980636597
239,200.0,53.7337372303009
240,200.0,53.02468252182007
241,200.0,53.39427328109741
242,200.0,53.96296811103821
243,200.0,53.39604115486145
244,200.0,53.28182768821716
245,200.0,53.4637348651886
246,200.0,53.392303705215454
247,200.0,53.57256627082825
248,200.0,54.14154076576233
249,200.0,53.697670459747314
250,200.0,53.822110414505005
251,200.0,54.11902832984924
252,200.0,54.38671088218689
253,200.0,53.95192074775696
254,200.0,54.53393316268921
255,200.0,54.62362551689148
256,200.0,54.056663513183594
257,200.0,54.15985321998596
258,200.0,54.1566801071167
259,200.0,54.30344605445862
260,200.0,54.21364712715149
261,200.0,54.73613691329956
262,200.0,54.39491033554077
263,200.0,54.3900671005249
264,200.0,54.645806074142456
265,200.0,54.55195116996765
266,200.0,54.913573026657104
267,200.0,54.78583359718323
268,200.0,54.725547313690186
269,200.0,54.78155732154846
270,200.0,54.29693293571472
271,200.0,54.87540340423584
272,200.0,54.56034994125366
273,200.0,55.1576361656189
274,200.0,54.83053779602051
275,200.0,55.239829301834106
276,200.0,55.14756631851196
277,200.0,55.34314799308777
278,200.0,55.47505331039429
279,200.0,55.140804290771484
280,200.0,55.46000909805298
281,200.0,55.498379707336426
282,200.0,55.97672438621521
283,200.0,55.9488639831543
284,200.0,55.705894470214844
285,200.0,55.67844772338867
286,200.0,55.49350380897522
287,200.0,55.59262299537659
288,200.0,55.807154178619385
289,200.0,56.39891314506531
290,200.0,56.04986643791199
291,200.0,56.43437075614929
292,200.0,56.61679148674011
293,200.0,56.67099905014038
294,200.0,56.41199994087219
295,200.0,56.22647023200989
296,200.0,56.715612173080444
297,200.0,56.973671674728394
298,200.0,56.774940967559814
299,200.0,56.87158679962158
