0,28.0,104.74321842193604
1,200.0,104.56226968765259
2,200.0,103.99230122566223
3,200.0,103.68956422805786
4,61.0,102.8619601726532
5,91.0,103.65972518920898
6,46.0,103.14621877670288
7,50.0,102.80895614624023
8,51.0,103.2994544506073
9,100.0,102.40245699882507
10,68.0,101.28416061401367
11,108.0,102.00383710861206
12,51.0,101.20898389816284
13,68.0,100.32678127288818
14,46.0,99.72975564002991
15,93.0,98.58592081069946
16,89.0,99.05920386314392
17,83.0,97.70358324050903
18,79.0,97.88029909133911
19,87.0,96.47226905822754
20,83.0,96.0188934803009
21,200.0,96.48495841026306
22,58.0,95.66623735427856
23,90.0,95.16016864776611
24,74.0,95.89999675750732
25,84.0,93.78743028640747
26,72.0,94.83734107017517
27,102.0,94.78476905822754
28,80.0,93.59877800941467
29,86.0,93.29632902145386
30,70.0,92.29100489616394
31,61.0,92.06989598274231
32,171.0,91.86269950866699
33,98.0,90.45720076560974
34,200.0,89.81980013847351
35,200.0,89.87640619277954
36,200.0,89.33421277999878
37,200.0,88.52336955070496
38,200.0,88.15865993499756
39,200.0,87.26572179794312
40,200.0,86.09986877441406
41,200.0,85.54146099090576
42,200.0,85.70261287689209
43,200.0,85.0359799861908
44,200.0,84.59367322921753
45,200.0,82.86245369911194
46,200.0,83.52501916885376
47,200.0,82.55478882789612
48,200.0,81.70351529121399
49,200.0,81.567147731781
50,200.0,81.55948400497437
51,200.0,80.75539469718933
52,200.0,80.41490888595581
53,200.0,79.70991516113281
54,200.0,78.78329253196716
55,200.0,78.74053287506104
56,200.0,78.10399413108826
57,200.0,77.9386191368103
58,200.0,77.65577960014343
59,200.0,76.56934905052185
60,200.0,75.15230202674866
61,200.0,74.98128247261047
62,200.0,74.46489453315735
63,200.0,73.39108991622925
64,200.0,73.0150237083435
65,200.0,72.1372766494751
66,200.0,72.27369236946106
67,200.0,72.43386340141296
68,200.0,71.20295405387878
69,200.0,71.46566247940063
70,200.0,70.71437883377075
71,200.0,70.63242816925049
72,200.0,69.94401168823242
73,200.0,70.33704447746277
74,200.0,69.53130888938904
75,200.0,69.09649753570557
76,200.0,69.63338541984558
77,200.0,68.35648488998413
78,200.0,68.26750135421753
79,200.0,67.40838241577148
80,200.0,67.1268527507782
81,200.0,66.53440880775452
82,200.0,66.18509984016418
83,200.0,65.8915867805481
84,200.0,65.86723136901855
85,200.0,65.2957444190979
86,200.0,64.44282221794128
87,200.0,64.00255060195923
88,200.0,63.45748424530029
89,200.0,63.107581615448
90,200.0,62.7205126285553
91,200.0,63.10980749130249
92,200.0,61.848920583724976
93,200.0,61.44919490814209
94,200.0,61.22561049461365
95,200.0,60.700098752975464
96,200.0,59.374706506729126
97,200.0,59.58081531524658
98,200.0,59.36624622344971
99,200.0,58.9650936126709
100,200.0,58.37999153137207
101,200.0,58.23266243934631
102,200.0,58.20082926750183
103,200.0,58.154725790023804
104,200.0,57.26449179649353
105,200.0,57.42643713951111
106,200.0,57.029332637786865
107,200.0,56.61739373207092
108,200.0,56.450363636016846
109,200.0,56.731290340423584
110,200.0,56.482205867767334
111,200.0,55.92925500869751
112,200.0,55.85012459754944
113,200.0,55.43101620674133
114,200.0,55.629446029663086
115,200.0,55.816938400268555
116,200.0,55.21316933631897
117,200.0,54.31693983078003
118,200.0,53.914421796798706
119,200.0,53.33742427825928
120,200.0,53.39423060417175
121,200.0,52.95585751533508
122,200.0,53.169307708740234
123,200.0,52.64336371421814
124,200.0,52.75885844230652
125,200.0,52.02621412277222
126,200.0,51.494115352630615
127,200.0,51.21965265274048
128,200.0,50.883727073669434
129,200.0,50.563748598098755
130,200.0,50.3683135509491
131,200.0,50.3211236000061
132,200.0,50.1020770072937
133,200.0,50.9481680393219
134,200.0,50.14922857284546
135,200.0,49.8290057182312
136,200.0,49.96924543380737
137,200.0,49.689594984054565
138,200.0,49.702046394348145
139,200.0,49.26729893684387
140,200.0,49.12955904006958
141,200.0,48.38555717468262
142,200.0,48.21666479110718
143,200.0,48.64054012298584
144,200.0,48.58538746833801
145,200.0,48.13400602340698
146,200.0,47.567553997039795
147,200.0,47.89936971664429
148,200.0,47.328537464141846
149,200.0,47.33600735664368
150,200.0,47.29340648651123
151,200.0,46.781084299087524
152,200.0,46.358529567718506
153,200.0,46.232186794281006
154,200.0,46.23579525947571
155,200.0,46.35440397262573
156,200.0,45.7085657119751
157,200.0,45.67266249656677
158,200.0,45.69106149673462
159,200.0,45.95532298088074
160,200.0,45.92335224151611
161,200.0,45.39582109451294
162,200.0,45.898234367370605
163,200.0,44.98905682563782
164,200.0,45.56790733337402
165,200.0,44.91562223434448
166,200.0,45.33131670951843
167,200.0,45.22125053405762
168,200.0,44.33228659629822
169,200.0,44.21408295631409
170,200.0,44.70371603965759
171,200.0,43.92739415168762
172,200.0,44.19370913505554
173,200.0,44.093310832977295
174,200.0,43.537758111953735
175,200.0,43.95999360084534
176,200.0,43.555436849594116
177,200.0,43.304076194763184
178,200.0,43.265785455703735
179,200.0,43.00977921485901
180,200.0,43.28875923156738
181,200.0,42.86848449707031
182,200.0,43.045517921447754
183,200.0,43.25992226600647
184,200.0,42.771422386169434
185,200.0,42.845261096954346
186,200.0,43.06126093864441
187,200.0,42.518664598464966
188,200.0,42.505043745040894
189,200.0,42.11990690231323
190,200.0,42.47157645225525
191,200.0,42.47944211959839
192,200.0,42.21136736869812
193,200.0,42.527780294418335
194,200.0,42.92164659500122
195,200.0,42.11953353881836
196,200.0,42.00857973098755
197,200.0,42.091888666152954
198,200.0,42.022788286209106
199,200.0,42.4814715385437
200,200.0,42.07818818092346
201,200.0,41.992655992507935
202,200.0,42.522403717041016
203,200.0,42.740312814712524
204,200.0,42.40735363960266
205,200.0,42.06067752838135
206,200.0,41.99110722541809
207,200.0,42.35051488876343
208,200.0,41.97153186798096
209,200.0,42.60321831703186
210,200.0,42.2490656375885
211,200.0,42.23196053504944
212,200.0,41.844483613967896
213,200.0,41.934098958969116
214,200.0,41.50087237358093
215,200.0,41.80333995819092
216,200.0,41.54375076293945
217,200.0,41.957706451416016
218,200.0,41.79261112213135
219,200.0,41.981889963150024
220,200.0,42.04619073867798
221,200.0,41.546664237976074
222,200.0,42.06826829910278
223,200.0,41.42406129837036
224,200.0,41.71557807922363
225,200.0,41.89862322807312
226,200.0,41.79948115348816
227,200.0,41.3611478805542
228,200.0,41.49916386604309
229,200.0,41.532578229904175
230,200.0,41.73390316963196
231,200.0,42.024219274520874
232,200.0,41.382866621017456
233,200.0,41.51560044288635
234,200.0,41.82793712615967
235,200.0,41.79558801651001
236,200.0,41.88480067253113
237,200.0,41.68776988983154
238,200.0,41.89621567726135
239,200.0,41.85145545005798
240,200.0,41.613527059555054
241,200.0,41.609604597091675
242,200.0,41.57513976097107
243,200.0,41.87536597251892
244,200.0,42.44394135475159
245,200.0,42.092841386795044
246,200.0,41.84277606010437
247,200.0,41.927207946777344
248,200.0,41.88745951652527
249,200.0,42.0260055065155
250,200.0,42.026291847229004
251,200.0,42.32154059410095
252,200.0,42.339213848114014
253,200.0,42.66784477233887
254,200.0,41.95471906661987
255,200.0,42.068970918655396
256,200.0,42.23222804069519
257,200.0,41.99015974998474
258,200.0,42.70734786987305
259,200.0,42.401267766952515
260,200.0,42.26198649406433
261,200.0,42.27631235122681
262,200.0,42.17620515823364
263,200.0,42.26513075828552
264,200.0,42.20895528793335
265,200.0,42.29756021499634
266,200.0,42.48636555671692
267,200.0,42.74572682380676
268,200.0,42.60276961326599
269,200.0,43.04881691932678
270,200.0,42.63921308517456
271,200.0,42.729052782058716
272,200.0,42.580684423446655
273,200.0,42.67094326019287
274,200.0,42.984654903411865
275,200.0,43.36175012588501
276,200.0,42.67396020889282
277,200.0,42.82266664505005
278,200.0,43.311935901641846
279,200.0,43.025595903396606
280,200.0,43.31375336647034
281,200.0,43.15591835975647
282,200.0,42.98677372932434
283,200.0,43.40549421310425
284,200.0,42.908711433410645
285,200.0,43.028934478759766
286,200.0,43.034438610076904
287,200.0,43.054600954055786
288,200.0,43.13893914222717
289,200.0,43.43427085876465
290,200.0,43.54496717453003
291,200.0,43.42869210243225
292,200.0,43.8554847240448
293,200.0,43.57460904121399
294,200.0,43.332292556762695
295,200.0,43.45153856277466
296,200.0,43.69874548912048
297,200.0,43.53259062767029
298,200.0,43.621742248535156
299,200.0,43.47123742103577
