0,36.0,129.8259675502777
1,44.0,129.41996312141418
2,94.0,128.28953981399536
3,120.0,129.8832573890686
4,53.0,126.83763694763184
5,60.0,128.90299463272095
6,80.0,128.16652870178223
7,153.0,126.11623454093933
8,158.0,126.0515787601471
9,200.0,125.91082310676575
10,200.0,124.88902258872986
11,200.0,125.32786250114441
12,200.0,125.13100814819336
13,78.0,125.01187491416931
14,200.0,124.23060655593872
15,200.0,123.28158712387085
16,200.0,122.37516212463379
17,200.0,122.00190377235413
18,200.0,120.97864484786987
19,200.0,120.84274816513062
20,200.0,120.3694760799408
21,200.0,120.07971572875977
22,200.0,120.22919869422913
23,200.0,118.04806709289551
24,200.0,117.15813446044922
25,200.0,117.17964482307434
26,200.0,116.04451417922974
27,200.0,115.74394989013672
28,200.0,115.79391026496887
29,200.0,115.52793574333191
30,200.0,115.27909564971924
31,200.0,112.67960786819458
32,200.0,112.35541248321533
33,200.0,112.57078886032104
34,200.0,111.26785826683044
35,200.0,109.91806221008301
36,200.0,108.62107014656067
37,200.0,106.98067045211792
38,200.0,106.55069994926453
39,200.0,105.16359043121338
40,200.0,104.91862320899963
41,200.0,104.38214421272278
42,200.0,104.1311948299408
43,200.0,103.5272364616394
44,200.0,102.57190370559692
45,200.0,101.49815440177917
46,200.0,100.15171694755554
47,200.0,99.91502976417542
48,200.0,99.41303396224976
49,200.0,98.75859689712524
50,200.0,98.55043148994446
51,200.0,96.60389590263367
52,200.0,95.94250702857971
53,200.0,94.72922396659851
54,200.0,95.03423166275024
55,200.0,94.15502667427063
56,200.0,93.54004836082458
57,200.0,92.38640141487122
58,200.0,92.54101324081421
59,200.0,91.26142382621765
60,200.0,89.56513738632202
61,200.0,89.55928587913513
62,200.0,89.20953750610352
63,200.0,87.36254143714905
64,200.0,86.68972706794739
65,200.0,86.66491627693176
66,200.0,86.56315779685974
67,200.0,85.96948194503784
68,200.0,85.47215580940247
69,200.0,84.11342644691467
70,200.0,83.29586744308472
71,200.0,82.37842464447021
72,200.0,82.1610963344574
73,200.0,81.7227475643158
74,200.0,80.57363629341125
75,200.0,80.34426546096802
76,200.0,80.15247631072998
77,200.0,78.5953152179718
78,200.0,77.68450355529785
79,200.0,77.85625123977661
80,200.0,77.02283930778503
81,200.0,76.96200203895569
82,200.0,76.2203733921051
83,200.0,75.5300931930542
84,200.0,75.18776035308838
85,200.0,74.23982357978821
86,200.0,73.39019322395325
87,200.0,73.25376772880554
88,200.0,72.70523715019226
89,200.0,72.02397656440735
90,200.0,71.99738478660583
91,200.0,71.92814421653748
92,200.0,71.00915956497192
93,200.0,70.41933417320251
94,200.0,69.68132090568542
95,200.0,69.92578125
96,200.0,69.89984035491943
97,200.0,69.12405204772949
98,200.0,68.82618069648743
99,200.0,68.7056519985199
100,200.0,68.0779230594635
101,200.0,67.86658525466919
102,200.0,67.32872104644775
103,200.0,67.23720145225525
104,200.0,67.16610336303711
105,200.0,67.36972665786743
106,200.0,66.73567700386047
107,200.0,66.01619672775269
108,200.0,66.2272515296936
109,200.0,66.0162034034729
110,200.0,65.22618651390076
111,200.0,64.74396777153015
112,200.0,63.65064454078674
113,200.0,62.65995526313782
114,200.0,62.56860876083374
115,200.0,62.557005882263184
116,200.0,62.47687387466431
117,200.0,62.344969749450684
118,200.0,61.64693832397461
119,200.0,61.31752920150757
120,200.0,60.66062831878662
121,200.0,60.46236777305603
122,200.0,60.157148122787476
123,200.0,59.611530780792236
124,200.0,59.61428904533386
125,200.0,59.18282675743103
126,200.0,59.005250692367554
127,200.0,58.436806201934814
128,200.0,58.433056592941284
129,200.0,57.89979648590088
130,200.0,57.67175889015198
131,200.0,56.88045072555542
132,200.0,57.14124512672424
133,200.0,56.70776963233948
134,200.0,56.299437522888184
135,200.0,56.188268423080444
136,200.0,55.98979830741882
137,200.0,55.16467761993408
138,200.0,54.67973279953003
139,200.0,54.86113405227661
140,200.0,54.20870232582092
141,200.0,54.1993625164032
142,200.0,54.277602672576904
143,200.0,53.91257858276367
144,200.0,53.53157162666321
145,200.0,53.22040867805481
146,200.0,53.325297832489014
147,200.0,52.81807088851929
148,200.0,52.521493911743164
149,200.0,52.43475961685181
150,200.0,52.071824073791504
151,200.0,51.91823744773865
152,200.0,52.00813436508179
153,200.0,51.493122577667236
154,200.0,51.96425724029541
155,200.0,51.26310420036316
156,200.0,51.62711715698242
157,200.0,51.160401582717896
158,200.0,51.240031480789185
159,200.0,50.56903409957886
160,200.0,50.40676689147949
161,200.0,50.18338084220886
162,200.0,50.35798692703247
163,200.0,50.111857652664185
164,200.0,49.98472332954407
165,200.0,49.95976734161377
166,200.0,49.90520763397217
167,200.0,49.77166509628296
168,200.0,49.61694812774658
169,200.0,49.2506058216095
170,200.0,49.24127793312073
171,200.0,48.96349382400513
172,200.0,48.93051195144653
173,200.0,49.064924240112305
174,200.0,49.14622521400452
175,200.0,48.14228296279907
176,200.0,48.24020528793335
177,200.0,48.24403643608093
178,200.0,48.16264462471008
179,200.0,48.025389194488525
180,200.0,47.58432054519653
181,200.0,48.18447184562683
182,200.0,47.89198875427246
183,200.0,47.81563401222229
184,200.0,47.82974147796631
185,200.0,47.77835726737976
186,200.0,47.623244762420654
187,200.0,47.46172738075256
188,200.0,47.36448836326599
189,200.0,47.30726146697998
190,200.0,47.683223485946655
191,200.0,47.71264624595642
192,200.0,47.25636577606201
193,200.0,47.26186180114746
194,200.0,47.15728139877319
195,200.0,47.133095026016235
196,200.0,47.322625160217285
197,200.0,47.39289712905884
198,200.0,47.52567219734192
199,200.0,47.28878927230835
200,200.0,47.2461371421814
201,200.0,47.49272012710571
202,200.0,47.14909362792969
203,200.0,47.697174310684204
204,200.0,47.592960596084595
205,200.0,47.80687141418457
206,200.0,47.785566091537476
207,200.0,47.68235468864441
208,200.0,47.555721044540405
209,200.0,47.45940279960632
210,200.0,48.03937268257141
211,200.0,47.70273208618164
212,200.0,47.52637076377869
213,200.0,47.612090826034546
214,200.0,47.93478751182556
215,200.0,48.07420992851257
216,200.0,47.83237409591675
217,200.0,47.595942735672
218,200.0,47.839505195617676
219,200.0,47.4107551574707
220,200.0,48.283711194992065
221,200.0,47.9483847618103
222,200.0,48.03241801261902
223,200.0,47.774534702301025
224,200.0,48.03892540931702
225,200.0,48.24241638183594
226,200.0,48.34722971916199
227,200.0,47.99177932739258
228,200.0,48.32035446166992
229,200.0,48.300257205963135
230,200.0,48.3410108089447
231,200.0,47.934571743011475
232,200.0,48.530149936676025
233,200.0,48.41403603553772
234,200.0,48.09105134010315
235,200.0,48.33357548713684
236,200.0,48.461437940597534
237,200.0,48.51723790168762
238,200.0,48.644904136657715
239,200.0,48.91343283653259
240,200.0,49.00035357475281
241,200.0,48.639873027801514
242,200.0,49.06394910812378
243,200.0,48.95560812950134
244,200.0,48.90043258666992
245,200.0,49.032557010650635
246,200.0,49.432350397109985
247,200.0,49.30206799507141
248,200.0,48.93014049530029
249,200.0,49.35256767272949
250,200.0,49.3673198223114
251,200.0,49.4006404876709
252,200.0,49.64956712722778
253,200.0,49.824617862701416
254,200.0,49.58902335166931
255,200.0,49.584296464920044
256,200.0,49.36520791053772
257,200.0,49.5342230796814
258,200.0,49.886582374572754
259,200.0,49.33602714538574
260,200.0,49.96977186203003
261,200.0,49.69947695732117
262,200.0,49.43792939186096
263,200.0,49.84639000892639
264,200.0,50.048776388168335
265,200.0,50.07197117805481
266,200.0,50.47529911994934
267,200.0,50.14694142341614
268,200.0,50.15869450569153
269,200.0,50.45445013046265
270,200.0,50.28813886642456
271,200.0,50.630000829696655
272,200.0,50.57662844657898
273,200.0,50.396137714385986
274,200.0,50.25848579406738
275,200.0,50.57550501823425
276,200.0,50.86902570724487
277,200.0,50.75450563430786
278,200.0,50.82294273376465
279,200.0,50.77251195907593
280,200.0,51.069045543670654
281,200.0,50.959731578826904
282,200.0,51.15106654167175
283,200.0,51.36213541030884
284,200.0,51.574962854385376
285,200.0,51.75155568122864
286,200.0,51.53881001472473
287,200.0,51.63952136039734
288,200.0,51.57361340522766
289,200.0,51.98350787162781
290,200.0,51.700746059417725
291,200.0,51.805031299591064
292,200.0,52.00542855262756
293,200.0,51.85849142074585
294,200.0,51.95648670196533
295,200.0,52.18473553657532
296,200.0,51.70493984222412
297,200.0,52.23503661155701
298,200.0,52.149693965911865
299,200.0,52.4838171005249
