0,20.0,119.98368525505066
1,200.0,119.7408459186554
2,200.0,119.23924970626831
3,200.0,119.61760020256042
4,200.0,117.93904256820679
5,200.0,119.70429372787476
6,172.0,118.38198351860046
7,150.0,118.03891634941101
8,200.0,117.457190990448
9,200.0,116.62034106254578
10,200.0,116.43250966072083
11,200.0,117.00493693351746
12,190.0,116.01170325279236
13,200.0,115.86534810066223
14,156.0,115.38060164451599
15,182.0,114.58550691604614
16,200.0,114.90265154838562
17,200.0,113.43013906478882
18,164.0,113.17245960235596
19,156.0,112.87427282333374
20,200.0,111.18750762939453
21,200.0,111.82422041893005
22,200.0,109.514404296875
23,200.0,109.29482650756836
24,182.0,109.84275650978088
25,200.0,108.56453156471252
26,200.0,108.31602382659912
27,200.0,107.93567276000977
28,200.0,106.22664618492126
29,200.0,105.81230735778809
30,123.0,105.70572257041931
31,194.0,104.42612838745117
32,200.0,104.63354516029358
33,200.0,103.31562781333923
34,197.0,103.08540439605713
35,181.0,102.58379244804382
36,200.0,102.48764705657959
37,200.0,100.81068396568298
38,200.0,99.32230019569397
39,200.0,96.7474594116211
40,200.0,95.63173937797546
41,200.0,95.53603768348694
42,200.0,95.93985772132874
43,200.0,94.67994976043701
44,200.0,92.65752935409546
45,200.0,92.68164110183716
46,200.0,91.7486777305603
47,200.0,91.11027431488037
48,200.0,90.8252444267273
49,200.0,90.10008907318115
50,200.0,88.09236788749695
51,200.0,88.24899435043335
52,200.0,87.88953161239624
53,200.0,87.21509456634521
54,200.0,86.47742533683777
55,200.0,85.62435579299927
56,200.0,85.33649063110352
57,200.0,84.77998781204224
58,200.0,83.90450644493103
59,200.0,82.91155242919922
60,200.0,82.59980535507202
61,200.0,81.99303770065308
62,200.0,81.26979374885559
63,200.0,80.57581281661987
64,200.0,79.74953365325928
65,200.0,81.33790135383606
66,200.0,78.96445202827454
67,200.0,78.40320372581482
68,200.0,77.78048539161682
69,200.0,77.5005784034729
70,200.0,76.82891845703125
71,200.0,76.74839377403259
72,200.0,75.70865631103516
73,200.0,76.06095170974731
74,200.0,74.12144374847412
75,200.0,74.23033308982849
76,200.0,73.48958563804626
77,200.0,71.56824517250061
78,200.0,71.5293288230896
79,200.0,70.95343327522278
80,200.0,71.11449599266052
81,200.0,69.67921996116638
82,200.0,69.33339405059814
83,200.0,69.01961612701416
84,200.0,69.1955668926239
85,200.0,67.66774201393127
86,200.0,68.5334312915802
87,200.0,66.93177247047424
88,200.0,66.9138445854187
89,200.0,66.12847065925598
90,200.0,65.54682397842407
91,200.0,64.58252191543579
92,200.0,64.44954133033752
93,200.0,63.93830466270447
94,200.0,63.546146869659424
95,200.0,63.272340297698975
96,200.0,63.213767528533936
97,200.0,61.64311647415161
98,200.0,60.82315731048584
99,200.0,60.639113903045654
100,200.0,60.22323679924011
101,200.0,59.47307276725769
102,200.0,60.11828851699829
103,200.0,59.44609189033508
104,200.0,59.180325508117676
105,200.0,58.397363901138306
106,200.0,58.364441871643066
107,200.0,57.73898458480835
108,200.0,57.7369110584259
109,200.0,57.93471717834473
110,200.0,56.885197162628174
111,200.0,57.27638101577759
112,200.0,56.943880796432495
113,200.0,56.016457319259644
114,200.0,56.452672719955444
115,200.0,55.68126964569092
116,200.0,55.04549050331116
117,200.0,55.17422580718994
118,200.0,54.32954549789429
119,200.0,54.4875762462616
120,200.0,53.938883543014526
121,200.0,53.60638165473938
122,200.0,53.039984941482544
123,200.0,52.62904977798462
124,200.0,52.41858911514282
125,200.0,52.166799783706665
126,200.0,52.220016956329346
127,200.0,51.59109091758728
128,200.0,51.806339740753174
129,200.0,50.353129863739014
130,200.0,50.02589511871338
131,200.0,50.003600120544434
132,200.0,49.77381658554077
133,200.0,49.90879964828491
134,200.0,49.68085289001465
135,200.0,49.15638279914856
136,200.0,48.71373105049133
137,200.0,48.62126588821411
138,200.0,48.35179567337036
139,200.0,48.53051161766052
140,200.0,48.135090589523315
141,200.0,48.122336864471436
142,200.0,47.869818687438965
143,200.0,47.88227319717407
144,200.0,48.149938106536865
145,200.0,47.56967115402222
146,200.0,46.95382308959961
147,200.0,46.792973279953
148,200.0,46.795923948287964
149,200.0,46.27719855308533
150,200.0,46.322015047073364
151,200.0,46.333794355392456
152,200.0,46.22946810722351
153,200.0,46.17217826843262
154,200.0,46.388179540634155
155,200.0,46.31191086769104
156,200.0,45.92524027824402
157,200.0,45.98278498649597
158,200.0,45.73324513435364
159,200.0,45.53688144683838
160,200.0,45.50531053543091
161,200.0,45.06066584587097
162,200.0,44.88243913650513
163,200.0,44.79836583137512
164,200.0,44.893593311309814
165,200.0,44.735400676727295
166,200.0,44.421945571899414
167,200.0,44.24872589111328
168,200.0,44.36004972457886
169,200.0,44.2038848400116
170,200.0,43.88570308685303
171,200.0,43.84572720527649
172,200.0,43.99752736091614
173,200.0,43.74932789802551
174,200.0,43.57178044319153
175,200.0,43.79655909538269
176,200.0,43.460442781448364
177,200.0,43.888477087020874
178,200.0,43.350143909454346
179,200.0,43.17742609977722
180,200.0,43.1287305355072
181,200.0,43.43362545967102
182,200.0,43.157431840896606
183,200.0,43.203437089920044
184,200.0,43.06893515586853
185,200.0,42.77904534339905
186,200.0,42.91182541847229
187,200.0,42.84091567993164
188,200.0,43.003133058547974
189,200.0,43.196794748306274
190,200.0,42.8387086391449
191,200.0,42.962140798568726
192,200.0,42.879756450653076
193,200.0,42.86059355735779
194,200.0,42.912835121154785
195,200.0,43.19216060638428
196,200.0,43.0550434589386
197,200.0,42.82276153564453
198,200.0,42.8507604598999
199,200.0,42.78647589683533
200,200.0,43.333293437957764
201,200.0,43.523802757263184
202,200.0,43.013129234313965
203,200.0,42.91932702064514
204,200.0,42.83472657203674
205,200.0,43.255006551742554
206,200.0,43.04282593727112
207,200.0,43.136250734329224
208,200.0,43.59315252304077
209,200.0,43.572709798812866
210,200.0,43.28692102432251
211,200.0,43.67409062385559
212,200.0,43.30890154838562
213,200.0,43.657923460006714
214,200.0,43.30768704414368
215,200.0,43.19135236740112
216,200.0,43.54935836791992
217,200.0,43.41729760169983
218,200.0,43.491517782211304
219,200.0,43.63805174827576
220,200.0,43.77495789527893
221,200.0,43.7845356464386
222,200.0,43.75161790847778
223,200.0,44.11884689331055
224,200.0,44.347471475601196
225,200.0,44.16984176635742
226,200.0,44.01227378845215
227,200.0,44.12914800643921
228,200.0,44.17227339744568
229,200.0,43.988051414489746
230,200.0,44.1404128074646
231,200.0,44.22729158401489
232,200.0,44.09043216705322
233,200.0,44.226017475128174
234,200.0,44.45807242393494
235,200.0,44.294057846069336
236,200.0,44.42460250854492
237,200.0,44.713741302490234
238,200.0,44.62972950935364
239,200.0,44.48205256462097
240,200.0,44.51164770126343
241,200.0,44.68229341506958
242,200.0,44.538660526275635
243,200.0,45.01396298408508
244,200.0,45.22228121757507
245,200.0,44.77172899246216
246,200.0,45.29503035545349
247,200.0,45.263277530670166
248,200.0,45.35336923599243
249,200.0,45.623307943344116
250,200.0,45.08968114852905
251,200.0,45.92643213272095
252,200.0,45.62603807449341
253,200.0,45.40324115753174
254,200.0,45.66608381271362
255,200.0,45.82277798652649
256,200.0,45.55561304092407
257,200.0,45.91232419013977
258,200.0,45.532933712005615
259,200.0,46.08957242965698
260,200.0,45.79560613632202
261,200.0,46.29274344444275
262,200.0,46.084290504455566
263,200.0,45.8416268825531
264,200.0,45.92051720619202
265,200.0,46.14543056488037
266,200.0,46.23310327529907
267,200.0,46.23707914352417
268,200.0,46.26627063751221
269,200.0,46.03362202644348
270,200.0,46.18666648864746
271,200.0,46.29500675201416
272,200.0,46.41072463989258
273,200.0,46.61324095726013
274,200.0,46.66302728652954
275,200.0,46.77963829040527
276,200.0,46.66485524177551
277,200.0,46.577096939086914
278,200.0,47.505295515060425
279,200.0,47.067896366119385
280,200.0,46.799848318099976
281,200.0,47.06805229187012
282,200.0,47.09992218017578
283,200.0,47.14638066291809
284,200.0,47.120229959487915
285,200.0,47.53591728210449
286,200.0,47.2038848400116
287,200.0,47.77546429634094
288,200.0,47.79924011230469
289,200.0,47.56828784942627
290,200.0,47.8129243850708
291,200.0,48.093735694885254
292,200.0,47.53191375732422
293,200.0,47.56216311454773
294,200.0,47.814958333969116
295,200.0,47.8273389339447
296,200.0,47.73152565956116
297,200.0,47.7777681350708
298,200.0,48.251986503601074
299,200.0,48.28328585624695
