0,30.0,115.5509831905365
1,35.0,114.66976642608643
2,155.0,114.25114369392395
3,148.0,114.51207423210144
4,200.0,114.10952043533325
5,200.0,113.47726249694824
6,200.0,113.85473585128784
7,106.0,112.61904835700989
8,146.0,112.72879147529602
9,113.0,112.02254247665405
10,72.0,111.87748885154724
11,173.0,112.18006253242493
12,127.0,111.24197840690613
13,200.0,111.08505463600159
14,110.0,110.10070323944092
15,132.0,109.58795022964478
16,110.0,110.42363476753235
17,101.0,108.7244381904602
18,174.0,108.20683908462524
19,62.0,108.38330316543579
20,200.0,107.19322419166565
21,200.0,106.67696189880371
22,147.0,106.83974123001099
23,153.0,105.77819228172302
24,143.0,106.75881099700928
25,88.0,105.42893934249878
26,91.0,103.967853307724
27,98.0,104.31724762916565
28,89.0,102.39829683303833
29,101.0,102.32302665710449
30,116.0,102.44579315185547
31,139.0,100.31043577194214
32,103.0,100.37829446792603
33,112.0,98.45487904548645
34,139.0,97.84491920471191
35,168.0,98.05742383003235
36,127.0,97.63274145126343
37,110.0,95.7419764995575
38,113.0,95.74727654457092
39,200.0,95.6392970085144
40,197.0,94.06364822387695
41,200.0,94.35422253608704
42,125.0,92.69902396202087
43,200.0,92.17968654632568
44,99.0,92.43636512756348
45,94.0,90.85635185241699
46,120.0,90.75286889076233
47,99.0,90.04570841789246
48,138.0,89.58888483047485
49,200.0,88.33898258209229
50,200.0,87.38248372077942
51,200.0,87.08844947814941
52,200.0,86.16140460968018
53,200.0,85.2568690776825
54,200.0,84.71546292304993
55,200.0,84.23136901855469
56,200.0,83.50836777687073
57,200.0,83.38581395149231
58,200.0,82.61609768867493
59,200.0,81.52644753456116
60,200.0,81.39365601539612
61,200.0,81.13332080841064
62,200.0,80.65354800224304
63,200.0,80.02606081962585
64,200.0,79.99578714370728
65,200.0,79.11891984939575
66,200.0,77.6329231262207
67,200.0,77.1122932434082
68,200.0,77.42175078392029
69,200.0,76.11288523674011
70,200.0,75.18607378005981
71,200.0,75.44607949256897
72,200.0,74.91302299499512
73,200.0,74.33075857162476
74,200.0,73.5835325717926
75,200.0,73.40396475791931
76,200.0,72.56397318840027
77,200.0,72.27451133728027
78,200.0,72.24365973472595
79,200.0,70.99952483177185
80,200.0,70.82558679580688
81,200.0,70.38932752609253
82,200.0,69.81093263626099
83,200.0,68.82865238189697
84,200.0,68.2298755645752
85,200.0,68.22093367576599
86,200.0,67.91855978965759
87,200.0,67.41404056549072
88,200.0,67.72740316390991
89,200.0,66.38435935974121
90,200.0,66.11565518379211
91,200.0,66.72994041442871
92,200.0,65.20398020744324
93,200.0,65.36958384513855
94,200.0,64.54086017608643
95,200.0,64.12298488616943
96,200.0,63.83828568458557
97,200.0,64.05889773368835
98,200.0,63.45341205596924
99,200.0,62.96620035171509
100,200.0,62.84268856048584
101,200.0,62.633323431015015
102,200.0,61.81675457954407
103,200.0,61.74680685997009
104,200.0,61.54466724395752
105,200.0,61.48837685585022
106,200.0,61.430179595947266
107,200.0,60.51153349876404
108,200.0,60.398438453674316
109,200.0,59.66564440727234
110,200.0,59.079965353012085
111,200.0,59.01123762130737
112,200.0,58.459699630737305
113,200.0,58.83250617980957
114,200.0,57.66745185852051
115,200.0,57.57439112663269
116,200.0,57.0169780254364
117,200.0,56.53072929382324
118,200.0,56.14406132698059
119,200.0,55.79296112060547
120,200.0,55.75816631317139
121,200.0,54.8854546546936
122,200.0,54.81785988807678
123,200.0,54.41891050338745
124,200.0,54.47529101371765
125,200.0,54.277952909469604
126,200.0,53.780131101608276
127,200.0,53.538044929504395
128,200.0,53.10075235366821
129,200.0,52.951412200927734
130,200.0,52.78998875617981
131,200.0,52.537118911743164
132,200.0,52.872185707092285
133,200.0,52.16123723983765
134,200.0,52.097357511520386
135,200.0,52.54645490646362
136,200.0,52.15136194229126
137,200.0,51.51058053970337
138,200.0,51.39242959022522
139,200.0,51.131558418273926
140,200.0,51.51387882232666
141,200.0,51.166213274002075
142,200.0,50.7784960269928
143,200.0,50.33316111564636
144,200.0,50.46028804779053
145,200.0,50.073814153671265
146,200.0,50.26242661476135
147,200.0,49.93861389160156
148,200.0,49.339043617248535
149,200.0,49.693203926086426
150,200.0,48.89504909515381
151,200.0,48.78529453277588
152,200.0,48.19430208206177
153,200.0,48.16923785209656
154,200.0,47.91142296791077
155,200.0,47.87402081489563
156,200.0,47.59529781341553
157,200.0,47.50707149505615
158,200.0,48.38718295097351
159,200.0,47.59038066864014
160,200.0,47.78892517089844
161,200.0,47.13841462135315
162,200.0,47.165398359298706
163,200.0,46.98295450210571
164,200.0,47.02149534225464
165,200.0,46.700281620025635
166,200.0,46.76446986198425
167,200.0,47.316275119781494
168,200.0,46.71345281600952
169,200.0,46.53970432281494
170,200.0,46.04534459114075
171,200.0,46.02719855308533
172,200.0,45.74848914146423
173,200.0,45.765397787094116
174,200.0,46.174450397491455
175,200.0,45.76839542388916
176,200.0,46.32650136947632
177,200.0,45.847004890441895
178,200.0,45.514994859695435
179,200.0,45.84229326248169
180,200.0,45.40927696228027
181,200.0,45.4144549369812
182,200.0,45.58766198158264
183,200.0,45.334601402282715
184,200.0,45.72378492355347
185,200.0,45.172446727752686
186,200.0,45.328787088394165
187,200.0,45.11289668083191
188,200.0,45.11593985557556
189,200.0,45.34344983100891
190,200.0,45.169190406799316
191,200.0,44.90372920036316
192,200.0,45.164767265319824
193,200.0,45.02166175842285
194,200.0,44.83112645149231
195,200.0,44.70661425590515
196,200.0,45.182034730911255
197,200.0,44.63134574890137
198,200.0,45.108328104019165
199,200.0,44.880833864212036
200,200.0,45.00126600265503
201,200.0,44.71463131904602
202,200.0,44.74319911003113
203,200.0,45.05707788467407
204,200.0,44.880879163742065
205,200.0,44.88705658912659
206,200.0,45.047141790390015
207,200.0,45.24326014518738
208,200.0,45.33719062805176
209,200.0,45.226191997528076
210,200.0,45.162121534347534
211,200.0,45.293107748031616
212,200.0,45.537739276885986
213,200.0,45.39432764053345
214,200.0,45.463802337646484
215,200.0,45.46657371520996
216,200.0,45.224064350128174
217,200.0,45.358437299728394
218,200.0,45.20287561416626
219,200.0,45.26086115837097
220,200.0,45.39570093154907
221,200.0,45.78604531288147
222,200.0,45.892860889434814
223,200.0,45.87786245346069
224,200.0,45.5801305770874
225,200.0,45.96961426734924
226,200.0,46.02290177345276
227,200.0,45.85639667510986
228,200.0,46.00494432449341
229,200.0,46.31055974960327
230,200.0,46.37671780586243
231,200.0,46.26539945602417
232,200.0,46.07501745223999
233,200.0,46.40931177139282
234,200.0,45.98034644126892
235,200.0,45.9967200756073
236,200.0,46.5029513835907
237,200.0,46.42098879814148
238,200.0,46.42726731300354
239,200.0,46.356255292892456
240,200.0,46.40207529067993
241,200.0,46.461970806121826
242,200.0,46.33576846122742
243,200.0,46.68792963027954
244,200.0,46.926949977874756
245,200.0,46.736454010009766
246,200.0,47.28617072105408
247,200.0,47.494635343551636
248,200.0,46.93239951133728
249,200.0,46.710360288619995
250,200.0,46.9160795211792
251,200.0,47.128358364105225
252,200.0,46.80926465988159
253,200.0,47.07199764251709
254,200.0,46.94245648384094
255,200.0,47.02398705482483
256,200.0,47.41036939620972
257,200.0,47.6385715007782
258,200.0,47.210508584976196
259,200.0,47.21676325798035
260,200.0,47.441824436187744
261,200.0,47.32508850097656
262,200.0,47.594833850860596
263,200.0,47.43697476387024
264,200.0,47.63697004318237
265,200.0,47.67365860939026
266,200.0,47.80177044868469
267,200.0,47.4761757850647
268,200.0,47.70608186721802
269,200.0,48.02391862869263
270,200.0,47.89592409133911
271,200.0,48.13314485549927
272,200.0,47.97420835494995
273,200.0,48.33385372161865
274,200.0,48.074562311172485
275,200.0,48.07715725898743
276,200.0,48.03387951850891
277,200.0,48.320958375930786
278,200.0,48.246068477630615
279,200.0,48.572502851486206
280,200.0,48.47736692428589
281,200.0,48.66811275482178
282,200.0,48.590805768966675
283,200.0,48.86314249038696
284,200.0,48.73739814758301
285,200.0,49.308650970458984
286,200.0,50.005831241607666
287,200.0,49.31338715553284
288,200.0,49.083861112594604
289,200.0,49.14339995384216
290,200.0,49.19885969161987
291,200.0,49.468350410461426
292,200.0,49.533692598342896
293,200.0,49.605721950531006
294,200.0,49.557610750198364
295,200.0,49.68711256980896
296,200.0,49.60890030860901
297,200.0,49.624823570251465
298,200.0,50.17913103103638
299,200.0,50.04850387573242
