0,18.0,109.98834681510925
1,200.0,110.4104814529419
2,200.0,108.98586297035217
3,200.0,109.95572781562805
4,200.0,108.53087067604065
5,200.0,108.7231605052948
6,200.0,107.44874000549316
7,200.0,108.01423192024231
8,200.0,106.28636169433594
9,200.0,106.05174350738525
10,200.0,105.8991003036499
11,200.0,106.46404027938843
12,200.0,104.56540155410767
13,200.0,105.30954027175903
14,200.0,104.65133428573608
15,200.0,104.23885774612427
16,200.0,104.2775948047638
17,200.0,102.44114446640015
18,200.0,103.0080361366272
19,200.0,102.62601852416992
20,200.0,101.20619368553162
21,200.0,100.87238025665283
22,200.0,100.33364129066467
23,200.0,99.00774264335632
24,200.0,98.69718408584595
25,200.0,97.87193703651428
26,200.0,97.02286887168884
27,200.0,97.42512130737305
28,200.0,95.86245846748352
29,200.0,96.75282430648804
30,200.0,96.44110536575317
31,200.0,94.73365926742554
32,200.0,95.07269263267517
33,200.0,95.17037200927734
34,200.0,92.85636687278748
35,200.0,93.0729649066925
36,200.0,92.04000687599182
37,200.0,91.69893765449524
38,200.0,91.25222444534302
39,200.0,89.48601579666138
40,200.0,89.45075225830078
41,200.0,88.61463069915771
42,200.0,88.30128216743469
43,200.0,88.90755486488342
44,200.0,86.81774592399597
45,200.0,86.874351978302
46,200.0,86.6773624420166
47,200.0,84.94695830345154
48,200.0,84.88934826850891
49,200.0,84.65155696868896
50,200.0,83.67643618583679
51,200.0,82.61765646934509
52,200.0,82.2606463432312
53,200.0,80.89616775512695
54,200.0,80.8807520866394
55,200.0,79.91790390014648
56,200.0,79.96105313301086
57,200.0,79.57896494865417
58,200.0,78.96837520599365
59,200.0,78.35116243362427
60,200.0,77.7660973072052
61,200.0,77.05194473266602
62,200.0,76.63667178153992
63,200.0,74.99479818344116
64,200.0,74.44023704528809
65,200.0,73.85356402397156
66,200.0,73.61865615844727
67,200.0,72.6622588634491
68,200.0,71.98200964927673
69,200.0,71.65973615646362
70,200.0,71.86916327476501
71,200.0,69.97223424911499
72,200.0,70.19939708709717
73,200.0,69.30312609672546
74,200.0,68.6720929145813
75,200.0,67.95511078834534
76,200.0,67.93006300926208
77,200.0,67.26533937454224
78,200.0,66.61561489105225
79,200.0,67.27669858932495
80,200.0,66.17022228240967
81,200.0,64.56227350234985
82,200.0,64.30100226402283
83,200.0,63.73447942733765
84,200.0,63.623252868652344
85,200.0,62.84568476676941
86,200.0,62.87117958068848
87,200.0,61.99373006820679
88,200.0,62.61448526382446
89,200.0,61.90880632400513
90,200.0,60.68157601356506
91,200.0,60.11726641654968
92,200.0,60.67707920074463
93,200.0,59.72668766975403
94,200.0,59.45859503746033
95,200.0,59.265488624572754
96,200.0,59.31126284599304
97,200.0,58.26374673843384
98,200.0,57.974454164505005
99,200.0,57.737258195877075
100,200.0,57.92128539085388
101,200.0,57.65264081954956
102,200.0,56.91594624519348
103,200.0,56.77248167991638
104,200.0,56.4756600856781
105,200.0,55.92040777206421
106,200.0,56.115254640579224
107,200.0,55.93349814414978
108,200.0,55.35308480262756
109,200.0,55.201868534088135
110,200.0,54.77025485038757
111,200.0,54.55520009994507
112,200.0,54.436315298080444
113,200.0,53.88569092750549
114,200.0,53.65545654296875
115,200.0,53.206273794174194
116,200.0,53.143829107284546
117,200.0,53.24802112579346
118,200.0,52.693422079086304
119,200.0,52.94624924659729
120,200.0,52.30156874656677
121,200.0,52.25176024436951
122,200.0,52.22456216812134
123,200.0,50.9710054397583
124,200.0,50.4216685295105
125,200.0,50.35056781768799
126,200.0,50.26782584190369
127,200.0,50.105186223983765
128,200.0,49.97467851638794
129,200.0,49.334270000457764
130,200.0,49.351025342941284
131,200.0,49.27487087249756
132,200.0,48.856308937072754
133,200.0,48.794596672058105
134,200.0,48.32471537590027
135,200.0,47.977723598480225
136,200.0,47.617228269577026
137,200.0,47.25577354431152
138,200.0,47.33643651008606
139,200.0,46.86861491203308
140,200.0,47.160653591156006
141,200.0,46.73839855194092
142,200.0,46.54010057449341
143,200.0,46.65273880958557
144,200.0,46.643004179000854
145,200.0,46.48561239242554
146,200.0,46.619179010391235
147,200.0,46.469298362731934
148,200.0,45.754897356033325
149,200.0,46.08437442779541
150,200.0,45.52528476715088
151,200.0,45.1774320602417
152,200.0,45.16318416595459
153,200.0,45.25364422798157
154,200.0,45.17286038398743
155,200.0,44.80185651779175
156,200.0,45.13856887817383
157,200.0,44.49314761161804
158,200.0,44.297823429107666
159,200.0,44.49984550476074
160,200.0,43.90997505187988
161,200.0,43.9447808265686
162,200.0,43.57635474205017
163,200.0,44.0397264957428
164,200.0,43.961970806121826
165,200.0,43.81798076629639
166,200.0,43.602325677871704
167,200.0,44.004677057266235
168,200.0,43.581181049346924
169,200.0,43.58666920661926
170,200.0,43.55613040924072
171,200.0,43.73020052909851
172,200.0,43.74312424659729
173,200.0,43.37158751487732
174,200.0,43.324400901794434
175,200.0,43.16053915023804
176,200.0,43.066816329956055
177,200.0,43.1628201007843
178,200.0,42.97111988067627
179,200.0,43.05167245864868
180,200.0,43.31430101394653
181,200.0,43.17747187614441
182,200.0,43.275771141052246
183,200.0,43.04809641838074
184,200.0,42.99603843688965
185,200.0,43.57015323638916
186,200.0,43.37647008895874
187,200.0,43.04155683517456
188,200.0,43.12095355987549
189,200.0,42.926804304122925
190,200.0,42.90319561958313
191,200.0,43.01553225517273
192,200.0,43.33568263053894
193,200.0,42.961528301239014
194,200.0,42.989354848861694
195,200.0,42.942023038864136
196,200.0,43.17268347740173
197,200.0,43.00449991226196
198,200.0,43.07397103309631
199,200.0,43.10299062728882
200,200.0,43.10111999511719
201,200.0,43.34717559814453
202,200.0,43.52527594566345
203,200.0,43.1953706741333
204,200.0,43.35062789916992
205,200.0,43.22424912452698
206,200.0,43.541542768478394
207,200.0,43.09680938720703
208,200.0,43.136555194854736
209,200.0,43.456377029418945
210,200.0,43.30792260169983
211,200.0,43.18145442008972
212,200.0,43.63937759399414
213,200.0,43.37478947639465
214,200.0,43.52349305152893
215,200.0,43.560450077056885
216,200.0,43.53109955787659
217,200.0,43.51328945159912
218,200.0,43.99005722999573
219,200.0,43.49425029754639
220,200.0,43.80384087562561
221,200.0,43.719810247421265
222,200.0,43.663020849227905
223,200.0,44.06082105636597
224,200.0,43.7888445854187
225,200.0,43.570881605148315
226,200.0,43.69780254364014
227,200.0,43.80866074562073
228,200.0,44.15293788909912
229,200.0,43.94286274909973
230,200.0,44.534804344177246
231,200.0,45.24171233177185
232,200.0,44.525887966156006
233,200.0,44.34481954574585
234,200.0,44.52283716201782
235,200.0,44.215542793273926
236,200.0,44.30686116218567
237,200.0,44.25176548957825
238,200.0,44.69639205932617
239,200.0,44.338786602020264
240,200.0,44.69650053977966
241,200.0,44.58683371543884
242,200.0,44.54158020019531
243,200.0,44.81370162963867
244,200.0,44.77881717681885
245,200.0,44.61760234832764
246,200.0,44.949342489242554
247,200.0,44.951616525650024
248,200.0,44.96015548706055
249,200.0,45.51958870887756
250,200.0,45.02801847457886
251,200.0,45.113789796829224
252,200.0,45.217644453048706
253,200.0,45.22297430038452
254,200.0,45.07792830467224
255,200.0,45.005786418914795
256,200.0,46.03798246383667
257,200.0,45.41023325920105
258,200.0,45.579161643981934
259,200.0,45.511693239212036
260,200.0,45.773386001586914
261,200.0,46.17775106430054
262,200.0,45.73051619529724
263,200.0,46.00282311439514
264,200.0,45.973674058914185
265,200.0,46.59993052482605
266,200.0,45.81860542297363
267,200.0,45.8491473197937
268,200.0,46.26901316642761
269,200.0,46.56983757019043
270,200.0,46.19684171676636
271,200.0,46.03890919685364
272,200.0,46.44717812538147
273,200.0,46.760185956954956
274,200.0,47.41787910461426
275,200.0,46.69905161857605
276,200.0,46.46594572067261
277,200.0,46.62829518318176
278,200.0,46.56026482582092
279,200.0,46.90508270263672
280,200.0,46.972820520401
281,200.0,46.60290837287903
282,200.0,46.721888065338135
283,200.0,47.31036424636841
284,200.0,47.140082359313965
285,200.0,46.92522358894348
286,200.0,46.97780108451843
287,200.0,46.98618507385254
288,200.0,47.17718839645386
289,200.0,47.02891445159912
290,200.0,47.32887291908264
291,200.0,47.077484369277954
292,200.0,47.834317684173584
293,200.0,47.37213468551636
294,200.0,47.75599265098572
295,200.0,47.08293867111206
296,200.0,47.57934260368347
297,200.0,47.82246804237366
298,200.0,47.8274884223938
299,200.0,47.53724122047424
