0,16.0,132.99748468399048
1,171.0,131.45050525665283
2,144.0,131.18061089515686
3,200.0,132.61689257621765
4,200.0,130.3574025630951
5,200.0,130.57677054405212
6,200.0,130.05354046821594
7,141.0,128.76770758628845
8,139.0,128.4725844860077
9,200.0,127.00217986106873
10,200.0,126.76769423484802
11,164.0,127.30560183525085
12,149.0,125.68510580062866
13,165.0,124.93696808815002
14,185.0,125.11251735687256
15,173.0,124.35844445228577
16,168.0,124.39085078239441
17,178.0,123.41507029533386
18,185.0,123.15272641181946
19,178.0,123.27013325691223
20,182.0,123.37440323829651
21,186.0,121.61316251754761
22,190.0,121.88869142532349
23,161.0,121.38917303085327
24,177.0,121.22864151000977
25,186.0,120.38073754310608
26,174.0,119.96885848045349
27,172.0,118.86289620399475
28,172.0,118.97213959693909
29,169.0,117.57101631164551
30,183.0,118.0578670501709
31,186.0,117.32148218154907
32,179.0,115.78778553009033
33,171.0,115.99693131446838
34,177.0,115.14312934875488
35,162.0,114.25263524055481
36,162.0,114.01114916801453
37,180.0,113.07831573486328
38,159.0,111.79979014396667
39,167.0,111.47972965240479
40,200.0,111.04168319702148
41,200.0,110.26726651191711
42,200.0,110.0905089378357
43,200.0,107.37963485717773
44,200.0,107.28549075126648
45,200.0,106.3249020576477
46,200.0,105.73459768295288
47,200.0,105.49898338317871
48,200.0,104.82304453849792
49,200.0,103.98430514335632
50,200.0,103.00671076774597
51,200.0,101.71313071250916
52,200.0,100.49195599555969
53,200.0,100.13006687164307
54,200.0,98.89504766464233
55,200.0,96.64433264732361
56,200.0,95.71348547935486
57,200.0,94.5685932636261
58,200.0,94.28859043121338
59,200.0,93.59187650680542
60,200.0,92.84314608573914
61,200.0,91.74077320098877
62,200.0,91.41209173202515
63,200.0,89.70093321800232
64,200.0,89.1960973739624
65,200.0,89.42925786972046
66,200.0,88.78324294090271
67,200.0,88.20414853096008
68,200.0,86.87876868247986
69,200.0,87.20213890075684
70,200.0,85.83534812927246
71,200.0,85.99987125396729
72,200.0,85.0197377204895
73,200.0,84.60148501396179
74,200.0,83.625324010849
75,200.0,83.04848837852478
76,200.0,82.51300573348999
77,200.0,82.11774730682373
78,200.0,79.90332627296448
79,200.0,77.74943232536316
80,200.0,77.57910561561584
81,200.0,77.09904217720032
82,200.0,76.75795698165894
83,200.0,75.6519205570221
84,200.0,74.7388563156128
85,200.0,74.32202625274658
86,200.0,73.9664797782898
87,200.0,73.71865653991699
88,200.0,73.63813161849976
89,200.0,72.43365836143494
90,200.0,72.79814553260803
91,200.0,72.0724241733551
92,200.0,71.64744019508362
93,200.0,71.47163653373718
94,200.0,71.05189037322998
95,200.0,70.05386447906494
96,200.0,69.80288004875183
97,200.0,68.51915287971497
98,200.0,69.14899110794067
99,200.0,68.28170371055603
100,200.0,67.5963499546051
101,200.0,67.48210144042969
102,200.0,66.97848510742188
103,200.0,66.26105642318726
104,200.0,66.31324982643127
105,200.0,66.39182138442993
106,200.0,66.2319552898407
107,200.0,66.47769546508789
108,200.0,65.42105650901794
109,200.0,65.27755641937256
110,200.0,63.78971767425537
111,200.0,63.727598905563354
112,200.0,63.666295289993286
113,200.0,62.88838458061218
114,200.0,62.722957134246826
115,200.0,62.531883001327515
116,200.0,61.93478345870972
117,200.0,61.81906270980835
118,200.0,61.15089297294617
119,200.0,60.69950580596924
120,200.0,61.02295708656311
121,200.0,60.88001084327698
122,200.0,60.02724313735962
123,200.0,59.63205671310425
124,200.0,59.44848680496216
125,200.0,59.09508275985718
126,200.0,58.65448188781738
127,200.0,58.63486838340759
128,200.0,57.97381544113159
129,200.0,57.22419714927673
130,200.0,57.87330436706543
131,200.0,57.82611966133118
132,200.0,57.41787123680115
133,200.0,57.032471895217896
134,200.0,57.15139937400818
135,200.0,56.714763164520264
136,200.0,56.338419675827026
137,200.0,56.112746238708496
138,200.0,56.27448868751526
139,200.0,55.738707065582275
140,200.0,55.41405916213989
141,200.0,55.55704045295715
142,200.0,55.633543729782104
143,200.0,55.40585398674011
144,200.0,55.25138020515442
145,200.0,54.91365146636963
146,200.0,54.467658042907715
147,200.0,54.62902235984802
148,200.0,54.518030643463135
149,200.0,54.387810945510864
150,200.0,54.554951667785645
151,200.0,54.08499526977539
152,200.0,53.79111981391907
153,200.0,53.842368602752686
154,200.0,53.37813663482666
155,200.0,53.173983335494995
156,200.0,52.96699595451355
157,200.0,52.63059759140015
158,200.0,52.69660401344299
159,200.0,52.30350160598755
160,200.0,52.07413291931152
161,200.0,52.01328206062317
162,200.0,51.61772394180298
163,200.0,51.724095821380615
164,200.0,51.88465070724487
165,200.0,51.960421562194824
166,200.0,50.89356541633606
167,200.0,51.220723152160645
168,200.0,51.42062163352966
169,200.0,50.65886735916138
170,200.0,51.2139208316803
171,200.0,50.89678144454956
172,200.0,50.9832706451416
173,200.0,51.1014301776886
174,200.0,50.851255655288696
175,200.0,50.66633486747742
176,200.0,50.73557424545288
177,200.0,49.69946599006653
178,200.0,49.96563005447388
179,200.0,50.2274968624115
180,200.0,50.27568554878235
181,200.0,50.0562059879303
182,200.0,49.725298166275024
183,200.0,50.01455044746399
184,200.0,49.545268535614014
185,200.0,50.301825523376465
186,200.0,50.1010479927063
187,200.0,50.244746923446655
188,200.0,49.99081230163574
189,200.0,49.74000644683838
190,200.0,49.75993466377258
191,200.0,49.47816443443298
192,200.0,49.595688819885254
193,200.0,49.42056488990784
194,200.0,49.374632120132446
195,200.0,49.23395371437073
196,200.0,49.3147337436676
197,200.0,49.114495038986206
198,200.0,48.960344314575195
199,200.0,49.277830362319946
200,200.0,49.50827884674072
201,200.0,49.31067109107971
202,200.0,49.49891972541809
203,200.0,49.18616461753845
204,200.0,48.815457344055176
205,200.0,49.24022340774536
206,200.0,49.04331994056702
207,200.0,48.698750019073486
208,200.0,49.28348684310913
209,200.0,49.38558268547058
210,200.0,49.46140098571777
211,200.0,49.541017293930054
212,200.0,49.63270378112793
213,200.0,49.84330677986145
214,200.0,49.87398386001587
215,200.0,49.46452593803406
216,200.0,49.07941913604736
217,200.0,49.611156940460205
218,200.0,49.802324295043945
219,200.0,49.38670015335083
220,200.0,49.9096941947937
221,200.0,49.918506383895874
222,200.0,49.87675428390503
223,200.0,49.90552735328674
224,200.0,49.770500898361206
225,200.0,49.96277832984924
226,200.0,49.566325187683105
227,200.0,50.1850700378418
228,200.0,50.08858299255371
229,200.0,50.00530385971069
230,200.0,50.20599603652954
231,200.0,50.28114128112793
232,200.0,50.8432092666626
233,200.0,50.603169441223145
234,200.0,50.66138410568237
235,200.0,50.65541481971741
236,200.0,50.170286655426025
237,200.0,50.182456254959106
238,200.0,49.80860495567322
239,200.0,50.43403935432434
240,200.0,50.383700132369995
241,200.0,50.79116106033325
242,200.0,50.85457181930542
243,200.0,50.80963850021362
244,200.0,50.64021873474121
245,200.0,50.76794362068176
246,200.0,50.554335594177246
247,200.0,50.77126932144165
248,200.0,51.36764669418335
249,200.0,51.1717746257782
250,200.0,51.43639326095581
251,200.0,51.507078886032104
252,200.0,51.07943630218506
253,200.0,51.81937623023987
254,200.0,51.728522062301636
255,200.0,51.3208954334259
256,200.0,51.719987630844116
257,200.0,51.51579785346985
258,200.0,52.10230326652527
259,200.0,52.14881753921509
260,200.0,52.0453884601593
261,200.0,51.78444194793701
262,200.0,52.35084939002991
263,200.0,52.05418658256531
264,200.0,52.36891174316406
265,200.0,52.60287547111511
266,200.0,52.552584648132324
267,200.0,51.98341226577759
268,200.0,51.88826036453247
269,200.0,52.885531187057495
270,200.0,52.36352038383484
271,200.0,52.585078954696655
272,200.0,52.529903173446655
273,200.0,52.38509702682495
274,200.0,52.831615924835205
275,200.0,52.7731077671051
276,200.0,52.69614577293396
277,200.0,52.903098821640015
278,200.0,53.38162636756897
279,200.0,53.0777530670166
280,200.0,52.616230964660645
281,200.0,53.12710452079773
282,200.0,53.01004719734192
283,200.0,53.56684732437134
284,200.0,53.21385741233826
285,200.0,53.07271909713745
286,200.0,53.64264941215515
287,200.0,52.93332886695862
288,200.0,53.323057413101196
289,200.0,53.076996088027954
290,200.0,53.523799419403076
291,200.0,53.51428294181824
292,200.0,53.15127396583557
293,200.0,53.89753723144531
294,200.0,53.78264927864075
295,200.0,53.76071333885193
296,200.0,53.57154607772827
297,200.0,53.8284432888031
298,200.0,53.74665307998657
299,200.0,53.95306324958801
