0,37.0,124.78955411911011
1,200.0,124.86705565452576
2,200.0,124.78799319267273
3,200.0,125.85119915008545
4,189.0,123.54101800918579
5,154.0,124.9938542842865
6,159.0,123.00017404556274
7,200.0,122.30648875236511
8,200.0,122.65292954444885
9,200.0,122.60147976875305
10,200.0,121.80773329734802
11,200.0,120.78134059906006
12,200.0,120.24756908416748
13,200.0,120.63226866722107
14,200.0,120.77765083312988
15,200.0,119.55406522750854
16,200.0,119.12624716758728
17,200.0,118.93881630897522
18,200.0,117.53982520103455
19,200.0,117.41351675987244
20,200.0,116.80867433547974
21,200.0,116.6395583152771
22,200.0,115.73595762252808
23,200.0,114.59379601478577
24,200.0,114.20583081245422
25,200.0,112.71655249595642
26,200.0,112.42411947250366
27,200.0,112.19743204116821
28,200.0,110.71885800361633
29,200.0,109.52713108062744
30,200.0,108.77960968017578
31,200.0,108.4188916683197
32,200.0,107.54762125015259
33,200.0,106.50884509086609
34,200.0,104.90782833099365
35,200.0,105.03559684753418
36,200.0,104.57322597503662
37,200.0,103.91525435447693
38,200.0,102.21503829956055
39,200.0,100.39352488517761
40,200.0,99.76539254188538
41,200.0,98.44685363769531
42,200.0,98.10483860969543
43,200.0,98.18002915382385
44,200.0,96.77698922157288
45,200.0,95.27231311798096
46,200.0,93.92157196998596
47,200.0,92.72037053108215
48,200.0,92.89174342155457
49,200.0,92.60263800621033
50,200.0,91.61185550689697
51,200.0,90.75828719139099
52,200.0,90.82981038093567
53,200.0,89.26947164535522
54,200.0,88.19692373275757
55,200.0,88.03728938102722
56,200.0,87.89721417427063
57,200.0,86.79243493080139
58,200.0,85.87385988235474
59,200.0,85.50289011001587
60,200.0,83.89454531669617
61,200.0,83.16385269165039
62,200.0,81.81762218475342
63,200.0,81.69413542747498
64,200.0,81.1175947189331
65,200.0,80.14636087417603
66,200.0,79.11894941329956
67,200.0,79.20265340805054
68,200.0,78.95748281478882
69,200.0,78.09759020805359
70,200.0,77.40695071220398
71,200.0,77.0278742313385
72,200.0,76.62385654449463
73,200.0,76.83292293548584
74,200.0,75.72089433670044
75,200.0,74.7979576587677
76,200.0,74.32564234733582
77,200.0,73.38996958732605
78,200.0,73.24513864517212
79,200.0,71.87550282478333
80,200.0,71.4474356174469
81,200.0,71.57617330551147
82,200.0,70.1089301109314
83,200.0,69.1890332698822
84,200.0,68.49353408813477
85,200.0,68.190256357193
86,200.0,68.21105861663818
87,200.0,67.57164859771729
88,200.0,66.96084928512573
89,200.0,66.26584458351135
90,200.0,66.29009342193604
91,200.0,65.78373503684998
92,200.0,65.48026537895203
93,200.0,64.83114337921143
94,200.0,64.25286221504211
95,200.0,63.79523825645447
96,200.0,63.166441917419434
97,200.0,63.37701082229614
98,200.0,63.18103504180908
99,200.0,62.42714238166809
100,200.0,62.04237151145935
101,200.0,62.041372776031494
102,200.0,61.174293756484985
103,200.0,60.72514486312866
104,200.0,60.53205704689026
105,200.0,60.20010447502136
106,200.0,59.776185512542725
107,200.0,59.1289324760437
108,200.0,58.621533155441284
109,200.0,58.740920305252075
110,200.0,58.425283670425415
111,200.0,57.968658447265625
112,200.0,58.31612586975098
113,200.0,57.94158339500427
114,200.0,57.25630283355713
115,200.0,56.786277532577515
116,200.0,56.86876082420349
117,200.0,55.93955898284912
118,200.0,56.00758504867554
119,200.0,55.640480518341064
120,200.0,56.22273325920105
121,200.0,55.79458451271057
122,200.0,55.04843187332153
123,200.0,55.28412485122681
124,200.0,54.13916277885437
125,200.0,54.579237937927246
126,200.0,54.067054271698
127,200.0,53.700725078582764
128,200.0,53.53099036216736
129,200.0,53.68986749649048
130,200.0,52.76975989341736
131,200.0,53.0169472694397
132,200.0,52.89526128768921
133,200.0,52.43151044845581
134,200.0,52.36357045173645
135,200.0,52.51992607116699
136,200.0,51.74067187309265
137,200.0,51.664040088653564
138,200.0,51.37016701698303
139,200.0,51.38755202293396
140,200.0,50.98221135139465
141,200.0,50.39836645126343
142,200.0,50.506715059280396
143,200.0,50.15793991088867
144,200.0,50.03925132751465
145,200.0,49.741259813308716
146,200.0,49.82602620124817
147,200.0,49.66659998893738
148,200.0,49.87035012245178
149,200.0,49.67248868942261
150,200.0,49.329660415649414
151,200.0,48.99033808708191
152,200.0,49.169413805007935
153,200.0,48.866989612579346
154,200.0,48.55777382850647
155,200.0,48.91751003265381
156,200.0,48.80358171463013
157,200.0,48.59255313873291
158,200.0,48.62443566322327
159,200.0,48.502204179763794
160,200.0,48.40101337432861
161,200.0,48.36330461502075
162,200.0,48.35589599609375
163,200.0,47.87454009056091
164,200.0,47.82652521133423
165,200.0,48.17878079414368
166,200.0,47.81387138366699
167,200.0,47.797351598739624
168,200.0,47.80739402770996
169,200.0,47.670966386795044
170,200.0,47.554107666015625
171,200.0,47.22015690803528
172,200.0,47.372560262680054
173,200.0,47.87707471847534
174,200.0,47.66180658340454
175,200.0,47.55334544181824
176,200.0,47.533968687057495
177,200.0,47.180859327316284
178,200.0,47.31862020492554
179,200.0,46.91369819641113
180,200.0,46.9720196723938
181,200.0,46.916008949279785
182,200.0,46.582266330718994
183,200.0,46.90488815307617
184,200.0,47.093690395355225
185,200.0,47.039693117141724
186,200.0,46.87852239608765
187,200.0,46.98768329620361
188,200.0,46.66609334945679
189,200.0,46.76481890678406
190,200.0,46.36619257926941
191,200.0,46.82447266578674
192,200.0,46.38417148590088
193,200.0,46.55037879943848
194,200.0,47.1719536781311
195,200.0,46.83623743057251
196,200.0,46.48559260368347
197,200.0,46.8148250579834
198,200.0,46.873286485672
199,200.0,46.886176347732544
200,200.0,46.84201121330261
201,200.0,47.09310960769653
202,200.0,47.2937068939209
203,200.0,47.44558238983154
204,200.0,47.308878898620605
205,200.0,47.401779651641846
206,200.0,47.407684326171875
207,200.0,47.43733811378479
208,200.0,47.374305725097656
209,200.0,47.18565368652344
210,200.0,47.4790575504303
211,200.0,47.25056719779968
212,200.0,47.58630323410034
213,200.0,47.71592879295349
214,200.0,47.65457010269165
215,200.0,47.31006169319153
216,200.0,47.734058141708374
217,200.0,47.441224098205566
218,200.0,47.94233417510986
219,200.0,48.014201641082764
220,200.0,47.77117586135864
221,200.0,48.01490759849548
222,200.0,47.748889207839966
223,200.0,47.75451183319092
224,200.0,47.99985671043396
225,200.0,47.91074872016907
226,200.0,47.70818853378296
227,200.0,48.26954007148743
228,200.0,48.242809534072876
229,200.0,48.26651883125305
230,200.0,48.23777532577515
231,200.0,47.905333518981934
232,200.0,48.438284158706665
233,200.0,48.40102243423462
234,200.0,48.31001901626587
235,200.0,48.4136004447937
236,200.0,48.57042646408081
237,200.0,48.52504014968872
238,200.0,48.937668561935425
239,200.0,48.428608417510986
240,200.0,49.133771896362305
241,200.0,49.24851131439209
242,200.0,49.10836982727051
243,200.0,49.228692054748535
244,200.0,49.36438059806824
245,200.0,49.56135559082031
246,200.0,49.38901996612549
247,200.0,49.41821312904358
248,200.0,49.35574746131897
249,200.0,49.7522656917572
250,200.0,49.75647020339966
251,200.0,49.87138915061951
252,200.0,49.549174308776855
253,200.0,49.8744215965271
254,200.0,49.72409963607788
255,200.0,49.99616885185242
256,200.0,49.991225719451904
257,200.0,50.39389753341675
258,200.0,50.37662124633789
259,200.0,50.24694013595581
260,200.0,50.34266400337219
261,200.0,50.22064685821533
262,200.0,50.546080350875854
263,200.0,50.32639956474304
264,200.0,50.20534944534302
265,200.0,50.55932116508484
266,200.0,50.49435639381409
267,200.0,50.62693405151367
268,200.0,50.54641819000244
269,200.0,50.894569396972656
270,200.0,50.21733570098877
271,200.0,50.89936423301697
272,200.0,50.604188442230225
273,200.0,50.835264682769775
274,200.0,50.91708493232727
275,200.0,50.873703956604004
276,200.0,50.357386112213135
277,200.0,50.82775855064392
278,200.0,51.12096667289734
279,200.0,51.24487900733948
280,200.0,50.981302976608276
281,200.0,51.44365406036377
282,200.0,51.39068102836609
283,200.0,51.40483617782593
284,200.0,51.28852820396423
285,200.0,51.697205781936646
286,200.0,51.826735734939575
287,200.0,51.86037063598633
288,200.0,51.833579301834106
289,200.0,52.0993378162384
290,200.0,51.96908354759216
291,200.0,52.195311546325684
292,200.0,52.20619988441467
293,200.0,52.14596891403198
294,200.0,52.04430937767029
295,200.0,52.34473967552185
296,200.0,52.302454710006714
297,200.0,52.01976728439331
298,200.0,52.426451444625854
299,200.0,52.5927631855011
