0,32.0,129.79903435707092
1,35.0,130.05803060531616
2,28.0,129.62552762031555
3,46.0,130.68055295944214
4,92.0,128.45413208007812
5,86.0,129.65540599822998
6,100.0,128.53143882751465
7,77.0,127.90643739700317
8,96.0,127.6561107635498
9,156.0,126.77701306343079
10,197.0,127.50314116477966
11,163.0,125.66597008705139
12,160.0,125.63273429870605
13,157.0,126.75925159454346
14,178.0,125.1002426147461
15,146.0,124.65970778465271
16,145.0,123.82630252838135
17,200.0,124.2487301826477
18,200.0,122.58084559440613
19,200.0,122.55877470970154
20,200.0,121.75996327400208
21,200.0,121.69103980064392
22,200.0,120.21756362915039
23,200.0,119.12755799293518
24,200.0,119.41997909545898
25,200.0,118.97613310813904
26,200.0,118.30946469306946
27,200.0,117.43954038619995
28,200.0,116.57329535484314
29,200.0,117.63612866401672
30,200.0,116.09185218811035
31,200.0,115.62802767753601
32,200.0,114.79713606834412
33,200.0,114.55776190757751
34,200.0,114.02437829971313
35,200.0,112.50816297531128
36,200.0,112.02134919166565
37,200.0,111.53309106826782
38,200.0,111.26294875144958
39,200.0,110.17003655433655
40,200.0,109.06865739822388
41,200.0,108.55908250808716
42,200.0,107.5998146533966
43,200.0,107.4789674282074
44,200.0,105.60363626480103
45,200.0,105.47841191291809
46,200.0,104.11494994163513
47,200.0,104.17297148704529
48,200.0,103.52414894104004
49,200.0,102.4066596031189
50,200.0,100.70077323913574
51,200.0,100.9076817035675
52,200.0,100.17161822319031
53,200.0,99.38067865371704
54,200.0,99.02112126350403
55,200.0,98.36746430397034
56,200.0,97.87320852279663
57,200.0,97.20068693161011
58,200.0,96.25489640235901
59,200.0,96.54339742660522
60,200.0,94.62631440162659
61,200.0,94.77640700340271
62,200.0,93.71577644348145
63,200.0,93.91316413879395
64,200.0,92.68342685699463
65,200.0,92.62712907791138
66,200.0,91.87476682662964
67,200.0,90.65180730819702
68,200.0,90.13790798187256
69,200.0,89.6178228855133
70,200.0,88.83844137191772
71,200.0,88.22968554496765
72,200.0,88.19225668907166
73,200.0,87.99529957771301
74,200.0,87.12566494941711
75,200.0,86.40192699432373
76,200.0,85.51140546798706
77,200.0,85.74247336387634
78,200.0,85.38521790504456
79,200.0,84.65640950202942
80,200.0,84.44161534309387
81,200.0,83.66279792785645
82,200.0,82.96454954147339
83,200.0,82.3270046710968
84,200.0,81.50500106811523
85,200.0,81.53461718559265
86,200.0,80.96290016174316
87,200.0,79.79551768302917
88,200.0,79.53049230575562
89,200.0,79.92439818382263
90,200.0,80.15105080604553
91,200.0,78.86216688156128
92,200.0,79.49642014503479
93,200.0,78.68951916694641
94,200.0,78.0830454826355
95,200.0,77.53025484085083
96,200.0,76.119802236557
97,200.0,76.39652371406555
98,200.0,76.63665533065796
99,200.0,75.76875281333923
100,200.0,74.62962245941162
101,200.0,74.0924129486084
102,200.0,74.57764887809753
103,200.0,74.20518326759338
104,200.0,73.18293285369873
105,200.0,73.24134039878845
106,200.0,72.84985971450806
107,200.0,72.64215159416199
108,200.0,70.63381814956665
109,200.0,70.30846190452576
110,200.0,69.52549695968628
111,200.0,68.65427327156067
112,200.0,68.50171947479248
113,200.0,68.22406506538391
114,200.0,68.14495611190796
115,200.0,67.72230696678162
116,200.0,67.79833173751831
117,200.0,67.0331118106842
118,200.0,66.9507622718811
119,200.0,66.80465316772461
120,200.0,65.85367965698242
121,200.0,65.37404274940491
122,200.0,65.20477342605591
123,200.0,65.15917253494263
124,200.0,64.70798635482788
125,200.0,64.73198437690735
126,200.0,63.45913052558899
127,200.0,62.97474217414856
128,200.0,63.00438404083252
129,200.0,63.04651618003845
130,200.0,62.95592546463013
131,200.0,62.933295488357544
132,200.0,61.86252689361572
133,200.0,62.03962683677673
134,200.0,61.430020332336426
135,200.0,61.88050103187561
136,200.0,61.02365255355835
137,200.0,60.44971561431885
138,200.0,60.21899747848511
139,200.0,60.02549600601196
140,200.0,60.151432514190674
141,200.0,60.3877055644989
142,200.0,59.8431179523468
143,200.0,60.232905626297
144,200.0,59.91832637786865
145,200.0,59.451701164245605
146,200.0,59.31913924217224
147,200.0,58.84257626533508
148,200.0,58.848228216171265
149,200.0,58.85648798942566
150,200.0,58.46606254577637
151,200.0,57.868967056274414
152,200.0,58.21463656425476
153,200.0,58.3931610584259
154,200.0,58.227179527282715
155,200.0,57.453203439712524
156,200.0,56.94065833091736
157,200.0,56.678542137145996
158,200.0,56.75169396400452
159,200.0,56.92501473426819
160,200.0,57.15051984786987
161,200.0,56.8599579334259
162,200.0,56.18404984474182
163,200.0,56.21777677536011
164,200.0,56.46384882926941
165,200.0,56.17293334007263
166,200.0,55.98676013946533
167,200.0,56.52112412452698
168,200.0,55.980701208114624
169,200.0,55.83226823806763
170,200.0,55.766517639160156
171,200.0,55.74462699890137
172,200.0,55.714404821395874
173,200.0,56.141884088516235
174,200.0,55.96739673614502
175,200.0,55.30576705932617
176,200.0,55.83111548423767
177,200.0,55.793224811553955
178,200.0,55.47892761230469
179,200.0,55.88023495674133
180,200.0,55.71812176704407
181,200.0,55.48992919921875
182,200.0,55.24620199203491
183,200.0,55.09070682525635
184,200.0,54.96575212478638
185,200.0,54.57296872138977
186,200.0,54.87701892852783
187,200.0,54.7132933139801
188,200.0,54.86970496177673
189,200.0,54.4675989151001
190,200.0,53.90488409996033
191,200.0,54.692479610443115
192,200.0,54.20736217498779
193,200.0,54.089516162872314
194,200.0,54.49606227874756
195,200.0,54.51016116142273
196,200.0,54.06375503540039
197,200.0,54.15839123725891
198,200.0,53.46250295639038
199,200.0,54.22418689727783
200,200.0,54.471686601638794
201,200.0,54.36172342300415
202,200.0,54.08977508544922
203,200.0,53.89705944061279
204,200.0,53.7248260974884
205,200.0,53.74769616127014
206,200.0,53.68909668922424
207,200.0,53.79758858680725
208,200.0,53.622116804122925
209,200.0,53.515729665756226
210,200.0,53.99474287033081
211,200.0,53.97706198692322
212,200.0,54.096760511398315
213,200.0,53.73547101020813
214,200.0,53.888062953948975
215,200.0,53.80587911605835
216,200.0,53.95830941200256
217,200.0,53.77768802642822
218,200.0,53.955575942993164
219,200.0,54.323744773864746
220,200.0,54.70042324066162
221,200.0,53.70383977890015
222,200.0,53.866424798965454
223,200.0,54.011104583740234
224,200.0,54.31704807281494
225,200.0,53.73064589500427
226,200.0,54.47361469268799
227,200.0,54.422109603881836
228,200.0,54.40582227706909
229,200.0,54.42861294746399
230,200.0,54.50629210472107
231,200.0,54.72959613800049
232,200.0,54.853965759277344
233,200.0,54.54265546798706
234,200.0,54.686546087265015
235,200.0,55.13852548599243
236,200.0,54.56343364715576
237,200.0,55.11097455024719
238,200.0,55.14494061470032
239,200.0,55.2538640499115
240,200.0,55.265607595443726
241,200.0,55.64141774177551
242,200.0,55.506322622299194
243,200.0,55.54454469680786
244,200.0,55.26267123222351
245,200.0,55.76217317581177
246,200.0,55.26273036003113
247,200.0,55.61516547203064
248,200.0,55.480945110321045
249,200.0,55.27125954627991
250,200.0,55.259702920913696
251,200.0,55.596590518951416
252,200.0,55.8589231967926
253,200.0,56.00759172439575
254,200.0,55.42357301712036
255,200.0,55.97924590110779
256,200.0,56.22531485557556
257,200.0,56.35422110557556
258,200.0,56.24937844276428
259,200.0,56.09452676773071
260,200.0,56.167452573776245
261,200.0,56.2998743057251
262,200.0,56.79776191711426
263,200.0,56.62117838859558
264,200.0,56.99999761581421
265,200.0,56.915183782577515
266,200.0,56.82084107398987
267,200.0,56.56753492355347
268,200.0,56.98086333274841
269,200.0,57.11504244804382
270,200.0,57.50757169723511
271,200.0,56.358278036117554
272,200.0,55.35744500160217
273,200.0,55.80328631401062
274,200.0,55.65103721618652
275,200.0,55.78203558921814
276,200.0,55.59455609321594
277,200.0,55.857070207595825
278,200.0,56.01149082183838
279,200.0,56.31315469741821
280,200.0,56.57413935661316
281,200.0,56.42829394340515
282,200.0,56.75297522544861
283,200.0,56.5380117893219
284,200.0,57.08505320549011
285,200.0,56.59942412376404
286,200.0,56.77976679801941
287,200.0,57.14521837234497
288,200.0,57.10538673400879
289,200.0,56.705506801605225
290,200.0,57.330387592315674
291,200.0,57.08060121536255
292,200.0,57.3574001789093
293,200.0,57.47131299972534
294,200.0,57.77117729187012
295,200.0,57.582210302352905
296,200.0,57.717692136764526
297,200.0,57.96098589897156
298,200.0,57.79601764678955
299,200.0,57.801084756851196
