0,23.0,150.15344953536987
1,167.0,149.23966479301453
2,169.0,149.03614974021912
3,82.0,149.0095534324646
4,113.0,148.55519700050354
5,136.0,149.18775248527527
6,127.0,148.7759244441986
7,147.0,145.00485968589783
8,65.0,146.19793176651
9,81.0,145.3880660533905
10,58.0,144.1723506450653
11,97.0,145.4965329170227
12,118.0,144.21836161613464
13,200.0,143.329984664917
14,136.0,142.81690001487732
15,200.0,141.85049295425415
16,200.0,142.54031562805176
17,200.0,141.85234951972961
18,200.0,141.14163041114807
19,200.0,139.964515209198
20,200.0,137.03910756111145
21,200.0,137.12813925743103
22,200.0,137.2607672214508
23,200.0,135.62064838409424
24,200.0,135.64489245414734
25,200.0,134.01403713226318
26,200.0,133.31378722190857
27,200.0,133.87984991073608
28,200.0,132.2917070388794
29,200.0,132.13873624801636
30,200.0,131.6419289112091
31,200.0,129.88048839569092
32,200.0,129.16124176979065
33,200.0,128.98262977600098
34,200.0,126.91215205192566
35,200.0,127.0391218662262
36,200.0,125.59457445144653
37,200.0,125.01449799537659
38,200.0,123.7276360988617
39,200.0,122.17908096313477
40,200.0,121.36065602302551
41,200.0,119.82922959327698
42,200.0,118.38388204574585
43,200.0,117.92151880264282
44,200.0,117.18844771385193
45,200.0,116.95712351799011
46,200.0,117.04705619812012
47,200.0,116.78228902816772
48,200.0,115.02469682693481
49,200.0,114.7168538570404
50,200.0,114.29702639579773
51,200.0,113.41224956512451
52,200.0,113.12042140960693
53,200.0,111.89761352539062
54,200.0,111.46870875358582
55,200.0,111.57344436645508
56,200.0,108.99986481666565
57,200.0,107.53747701644897
58,200.0,107.65401244163513
59,200.0,105.8129198551178
60,200.0,106.2269127368927
61,200.0,104.57921528816223
62,200.0,103.6485984325409
63,200.0,102.80957365036011
64,200.0,102.16947603225708
65,200.0,101.21038174629211
66,200.0,99.42161750793457
67,200.0,99.07424235343933
68,200.0,98.85109281539917
69,200.0,98.34206867218018
70,200.0,97.64267349243164
71,200.0,96.66289210319519
72,200.0,95.46543407440186
73,200.0,94.1783037185669
74,200.0,94.03734302520752
75,200.0,93.62762713432312
76,200.0,93.57644486427307
77,200.0,92.8546245098114
78,200.0,92.43796634674072
79,200.0,91.63724303245544
80,200.0,92.68940234184265
81,200.0,90.89329242706299
82,200.0,89.34050178527832
83,200.0,89.0328483581543
84,200.0,89.30672335624695
85,200.0,89.07952213287354
86,200.0,87.52816200256348
87,200.0,87.2293598651886
88,200.0,86.5944755077362
89,200.0,85.12082600593567
90,200.0,84.94636130332947
91,200.0,84.81987690925598
92,200.0,83.50401186943054
93,200.0,83.89696311950684
94,200.0,83.42274308204651
95,200.0,82.89332151412964
96,200.0,82.16355633735657
97,200.0,81.8094413280487
98,200.0,81.49947714805603
99,200.0,81.35912942886353
100,200.0,80.32685875892639
101,200.0,79.65402841567993
102,200.0,80.11743927001953
103,200.0,78.80763053894043
104,200.0,78.68500995635986
105,200.0,79.34738636016846
106,200.0,78.19388389587402
107,200.0,78.11960124969482
108,200.0,77.2716052532196
109,200.0,76.70759296417236
110,200.0,76.23724031448364
111,200.0,76.56833171844482
112,200.0,75.54263353347778
113,200.0,75.0851616859436
114,200.0,74.88194227218628
115,200.0,74.39102578163147
116,200.0,74.69056534767151
117,200.0,73.48279666900635
118,200.0,72.82946968078613
119,200.0,72.54769468307495
120,200.0,71.4715645313263
121,200.0,72.11386942863464
122,200.0,70.98243808746338
123,200.0,71.06514000892639
124,200.0,70.8449113368988
125,200.0,70.08450627326965
126,200.0,69.99962997436523
127,200.0,69.05328297615051
128,200.0,68.65132236480713
129,200.0,68.48751735687256
130,200.0,68.20891857147217
131,200.0,67.65857577323914
132,200.0,67.68071007728577
133,200.0,67.6144905090332
134,200.0,66.86295437812805
135,200.0,67.27187395095825
136,200.0,65.81844830513
137,200.0,66.00372672080994
138,200.0,65.00285625457764
139,200.0,65.16132259368896
140,200.0,65.05151033401489
141,200.0,65.17396450042725
142,200.0,64.68651962280273
143,200.0,64.46963357925415
144,200.0,64.32140731811523
145,200.0,64.2885069847107
146,200.0,64.01772499084473
147,200.0,64.12951827049255
148,200.0,63.36858010292053
149,200.0,62.84048628807068
150,200.0,62.93502736091614
151,200.0,62.32268404960632
152,200.0,62.3507604598999
153,200.0,61.958890199661255
154,200.0,62.01462721824646
155,200.0,61.89140224456787
156,200.0,62.04959511756897
157,200.0,61.84988617897034
158,200.0,61.74989080429077
159,200.0,61.39896106719971
160,200.0,61.64484119415283
161,200.0,61.62330222129822
162,200.0,61.780903339385986
163,200.0,61.39777493476868
164,200.0,61.42837047576904
165,200.0,61.33838748931885
166,200.0,61.017313957214355
167,200.0,61.445037841796875
168,200.0,60.35208487510681
169,200.0,60.86869668960571
170,200.0,60.584800004959106
171,200.0,60.27381920814514
172,200.0,60.09317088127136
173,200.0,60.079840660095215
174,200.0,59.61007070541382
175,200.0,60.01370668411255
176,200.0,59.54504060745239
177,200.0,59.714072465896606
178,200.0,59.70629382133484
179,200.0,59.305078744888306
180,200.0,59.544657707214355
181,200.0,59.27411985397339
182,200.0,59.01858568191528
183,200.0,59.141396045684814
184,200.0,59.31114077568054
185,200.0,58.99158501625061
186,200.0,58.80400252342224
187,200.0,59.15422177314758
188,200.0,59.39422273635864
189,200.0,59.43053340911865
190,200.0,58.899415731430054
191,200.0,58.99479413032532
192,200.0,58.56151342391968
193,200.0,58.435840129852295
194,200.0,59.138856410980225
195,200.0,58.552693128585815
196,200.0,59.124205589294434
197,200.0,58.608397006988525
198,200.0,58.604596853256226
199,200.0,58.55258345603943
200,200.0,58.467265367507935
201,200.0,58.65673065185547
202,200.0,58.71004247665405
203,200.0,58.33632445335388
204,200.0,58.54200100898743
205,200.0,58.289374113082886
206,200.0,58.38114380836487
207,200.0,58.581186056137085
208,200.0,58.35996222496033
209,200.0,58.78937888145447
210,200.0,58.34110355377197
211,200.0,58.52761673927307
212,200.0,58.89252734184265
213,200.0,58.78628325462341
214,200.0,58.68474245071411
215,200.0,58.326130628585815
216,200.0,58.626460790634155
217,200.0,58.49724459648132
218,200.0,58.517829179763794
219,200.0,58.89460206031799
220,200.0,58.67545461654663
221,200.0,58.87156581878662
222,200.0,58.267921924591064
223,200.0,58.67633676528931
224,200.0,58.675296783447266
225,200.0,58.966782569885254
226,200.0,58.558226585388184
227,200.0,58.59988522529602
228,200.0,58.812949657440186
229,200.0,59.02492690086365
230,200.0,58.51298499107361
231,200.0,59.05892634391785
232,200.0,59.07313084602356
233,200.0,59.39129328727722
234,200.0,59.31363916397095
235,200.0,59.548577308654785
236,200.0,59.49983811378479
237,200.0,59.192323446273804
238,200.0,59.69806432723999
239,200.0,60.141924142837524
240,200.0,59.65878677368164
241,200.0,59.812957525253296
242,200.0,59.67917799949646
243,200.0,59.96244287490845
244,200.0,59.585368633270264
245,200.0,59.60556101799011
246,200.0,59.84150457382202
247,200.0,59.644446849823
248,200.0,59.93438506126404
249,200.0,59.943442821502686
250,200.0,59.988008975982666
251,200.0,60.410666942596436
252,200.0,60.64444351196289
253,200.0,60.623027086257935
254,200.0,60.28903317451477
255,200.0,60.52850103378296
256,200.0,60.059698820114136
257,200.0,60.05855107307434
258,200.0,60.50878572463989
259,200.0,60.46713137626648
260,200.0,60.74417757987976
261,200.0,61.45094084739685
262,200.0,60.96568822860718
263,200.0,60.66162061691284
264,200.0,60.79906177520752
265,200.0,61.092363357543945
266,200.0,61.00676155090332
267,200.0,60.64070963859558
268,200.0,61.354923725128174
269,200.0,61.38286566734314
270,200.0,61.13535761833191
271,200.0,61.45297026634216
272,200.0,61.144611835479736
273,200.0,61.268373250961304
274,200.0,61.33526849746704
275,200.0,61.84540677070618
276,200.0,61.50259971618652
277,200.0,61.56228423118591
278,200.0,61.634984731674194
279,200.0,61.876383781433105
280,200.0,61.48854088783264
281,200.0,61.92579388618469
282,200.0,61.60906147956848
283,200.0,61.64200806617737
284,200.0,61.21155905723572
285,200.0,62.09017467498779
286,200.0,61.54759407043457
287,200.0,61.64815545082092
288,200.0,61.84359359741211
289,200.0,61.6519672870636
290,200.0,61.829137563705444
291,200.0,62.3047194480896
292,200.0,61.840627908706665
293,200.0,62.202935218811035
294,200.0,62.16500163078308
295,200.0,62.28544092178345
296,200.0,62.483144760131836
297,200.0,62.55019950866699
298,200.0,62.68202567100525
299,200.0,62.756385803222656
