0,16.0,143.36820268630981
1,41.0,142.506094455719
2,89.0,141.6969175338745
3,86.0,142.34446477890015
4,116.0,141.8716721534729
5,200.0,142.24242067337036
6,55.0,140.53930640220642
7,200.0,140.27533602714539
8,177.0,139.81800055503845
9,200.0,139.89546656608582
10,200.0,139.08280229568481
11,173.0,138.1387050151825
12,200.0,137.12766885757446
13,140.0,137.93151950836182
14,200.0,137.5166208744049
15,200.0,137.1189272403717
16,200.0,135.8761007785797
17,200.0,136.0399351119995
18,200.0,134.68384671211243
19,200.0,133.46722865104675
20,192.0,132.87636828422546
21,200.0,132.72331643104553
22,200.0,130.80447459220886
23,200.0,129.8680808544159
24,200.0,129.83185601234436
25,149.0,128.83174657821655
26,179.0,128.9450249671936
27,200.0,128.01934957504272
28,178.0,128.21889877319336
29,200.0,126.9481611251831
30,200.0,126.12093114852905
31,200.0,125.44034934043884
32,200.0,124.21439790725708
33,200.0,123.78678584098816
34,200.0,123.66132473945618
35,200.0,122.44046473503113
36,200.0,120.98677706718445
37,200.0,120.33326601982117
38,200.0,118.72774291038513
39,200.0,118.6813952922821
40,200.0,117.25559878349304
41,200.0,117.45532751083374
42,200.0,115.8063337802887
43,200.0,114.6120867729187
44,200.0,114.3046875
45,200.0,113.61279129981995
46,200.0,112.75995063781738
47,200.0,112.58324098587036
48,200.0,111.20174312591553
49,200.0,110.6009886264801
50,200.0,108.1141791343689
51,200.0,107.82855653762817
52,200.0,107.21803212165833
53,200.0,106.34497237205505
54,200.0,105.84311366081238
55,200.0,104.89978861808777
56,200.0,104.1453013420105
57,200.0,102.89394521713257
58,200.0,102.07376408576965
59,200.0,100.94809770584106
60,200.0,99.26572751998901
61,200.0,98.88275957107544
62,200.0,99.45289373397827
63,200.0,98.21251797676086
64,200.0,98.33605694770813
65,200.0,97.53186178207397
66,200.0,96.60142707824707
67,200.0,96.70939993858337
68,200.0,95.99981713294983
69,200.0,94.43689560890198
70,200.0,93.61759209632874
71,200.0,92.85513377189636
72,200.0,92.25454354286194
73,200.0,91.57632088661194
74,200.0,91.32616353034973
75,200.0,91.52441501617432
76,200.0,89.97482800483704
77,200.0,88.82663536071777
78,200.0,88.07375931739807
79,200.0,86.90121603012085
80,200.0,86.24040675163269
81,200.0,86.11546206474304
82,200.0,84.84061670303345
83,200.0,83.8143219947815
84,200.0,83.29612874984741
85,200.0,83.2877745628357
86,200.0,82.3015501499176
87,200.0,82.23961520195007
88,200.0,81.15661334991455
89,200.0,80.86621236801147
90,200.0,79.34205222129822
91,200.0,78.53774118423462
92,200.0,79.2203471660614
93,200.0,77.62943291664124
94,200.0,77.52568650245667
95,200.0,77.08873009681702
96,200.0,76.08621454238892
97,200.0,75.5323748588562
98,200.0,73.72389674186707
99,200.0,73.38408732414246
100,200.0,73.36036515235901
101,200.0,73.49064445495605
102,200.0,72.60568881034851
103,200.0,72.33915519714355
104,200.0,71.47623920440674
105,200.0,71.4458920955658
106,200.0,71.002938747406
107,200.0,70.09117937088013
108,200.0,69.46080207824707
109,200.0,68.45168447494507
110,200.0,67.8967068195343
111,200.0,67.67825508117676
112,200.0,67.06966400146484
113,200.0,67.3466944694519
114,200.0,66.69797587394714
115,200.0,65.88148975372314
116,200.0,65.66426205635071
117,200.0,65.00840640068054
118,200.0,64.78423738479614
119,200.0,64.25601983070374
120,200.0,63.771950483322144
121,200.0,64.28872632980347
122,200.0,63.427725076675415
123,200.0,63.61391067504883
124,200.0,63.10329222679138
125,200.0,62.64119505882263
126,200.0,62.155807971954346
127,200.0,62.05584907531738
128,200.0,61.57793354988098
129,200.0,61.11481046676636
130,200.0,60.77436304092407
131,200.0,60.56464695930481
132,200.0,60.703102588653564
133,200.0,61.009177684783936
134,200.0,60.48318409919739
135,200.0,60.10714936256409
136,200.0,60.07647228240967
137,200.0,59.74820280075073
138,200.0,58.729788064956665
139,200.0,59.14111924171448
140,200.0,58.697211503982544
141,200.0,58.48241639137268
142,200.0,57.19856119155884
143,200.0,56.75370383262634
144,200.0,56.79579758644104
145,200.0,56.9736807346344
146,200.0,56.59814786911011
147,200.0,56.8723623752594
148,200.0,57.09433341026306
149,200.0,56.72675347328186
150,200.0,56.43122220039368
151,200.0,56.139333963394165
152,200.0,55.92299199104309
153,200.0,55.42603015899658
154,200.0,55.63347101211548
155,200.0,55.396857023239136
156,200.0,55.14274454116821
157,200.0,54.7899124622345
158,200.0,54.44509696960449
159,200.0,54.66321563720703
160,200.0,54.22893667221069
161,200.0,54.42124938964844
162,200.0,54.195749282836914
163,200.0,54.13765239715576
164,200.0,53.52552914619446
165,200.0,53.63006043434143
166,200.0,53.78084707260132
167,200.0,53.64720273017883
168,200.0,53.57496738433838
169,200.0,53.72253966331482
170,200.0,53.53306031227112
171,200.0,53.33349084854126
172,200.0,53.648289918899536
173,200.0,53.168384313583374
174,200.0,52.90926504135132
175,200.0,53.0736882686615
176,200.0,53.3950891494751
177,200.0,53.063812494277954
178,200.0,52.68512010574341
179,200.0,52.5168890953064
180,200.0,52.83803749084473
181,200.0,52.664581060409546
182,200.0,52.81687378883362
183,200.0,52.49962115287781
184,200.0,52.4464807510376
185,200.0,52.48357152938843
186,200.0,52.18295121192932
187,200.0,52.23156428337097
188,200.0,52.191267013549805
189,200.0,52.49713325500488
190,200.0,51.87466907501221
191,200.0,51.90431332588196
192,200.0,51.82052969932556
193,200.0,51.91536068916321
194,200.0,51.90777111053467
195,200.0,51.930561542510986
196,200.0,52.02859330177307
197,200.0,51.734659910202026
198,200.0,52.142064332962036
199,200.0,52.19028449058533
200,200.0,52.17339777946472
201,200.0,52.050110816955566
202,200.0,51.96958255767822
203,200.0,52.06247138977051
204,200.0,52.15702509880066
205,200.0,51.59795069694519
206,200.0,51.52839469909668
207,200.0,52.204317808151245
208,200.0,51.692750453948975
209,200.0,51.9449725151062
210,200.0,51.86884927749634
211,200.0,51.603076696395874
212,200.0,51.88998341560364
213,200.0,52.3460156917572
214,200.0,52.2130024433136
215,200.0,52.12582516670227
216,200.0,51.92756700515747
217,200.0,52.26791477203369
218,200.0,51.9167058467865
219,200.0,52.096537351608276
220,200.0,52.17468476295471
221,200.0,52.55831265449524
222,200.0,52.38721203804016
223,200.0,52.1650812625885
224,200.0,52.24329972267151
225,200.0,52.1857008934021
226,200.0,52.377190351486206
227,200.0,52.96611285209656
228,200.0,52.317633867263794
229,200.0,52.678351402282715
230,200.0,52.15462040901184
231,200.0,52.83354425430298
232,200.0,52.54164171218872
233,200.0,52.68833589553833
234,200.0,52.99336910247803
235,200.0,52.7391140460968
236,200.0,52.83302974700928
237,200.0,53.19018054008484
238,200.0,53.32080411911011
239,200.0,53.3463237285614
240,200.0,53.28320598602295
241,200.0,53.38056468963623
242,200.0,53.80656385421753
243,200.0,53.82479524612427
244,200.0,53.506688833236694
245,200.0,53.40576648712158
246,200.0,53.80234694480896
247,200.0,53.835914611816406
248,200.0,54.4124915599823
249,200.0,54.62959384918213
250,200.0,54.48027539253235
251,200.0,54.367488384246826
252,200.0,54.1445791721344
253,200.0,54.332460165023804
254,200.0,54.008819818496704
255,200.0,54.574406147003174
256,200.0,54.103511571884155
257,200.0,54.74377131462097
258,200.0,54.76121282577515
259,200.0,54.92473030090332
260,200.0,54.952802658081055
261,200.0,55.26089859008789
262,200.0,54.58481788635254
263,200.0,54.99174952507019
264,200.0,55.26234698295593
265,200.0,55.22137117385864
266,200.0,54.98321485519409
267,200.0,55.45547676086426
268,200.0,55.49206018447876
269,200.0,55.77141547203064
270,200.0,55.52085018157959
271,200.0,55.39164853096008
272,200.0,55.513344526290894
273,200.0,55.907923460006714
274,200.0,55.89874076843262
275,200.0,55.8080837726593
276,200.0,55.6946976184845
277,200.0,55.670456647872925
278,200.0,56.15060114860535
279,200.0,56.16314077377319
280,200.0,55.82667350769043
281,200.0,55.70944404602051
282,200.0,56.416890144348145
283,200.0,56.116326332092285
284,200.0,56.57398080825806
285,200.0,56.95335078239441
286,200.0,56.93479681015015
287,200.0,56.61279773712158
288,200.0,57.09505844116211
289,200.0,56.777179479599
290,200.0,56.97013521194458
291,200.0,56.765480518341064
292,200.0,56.9461236000061
293,200.0,57.0676326751709
294,200.0,57.29403495788574
295,200.0,56.853598833084106
296,200.0,57.41340184211731
297,200.0,57.70102667808533
298,200.0,57.66979265213013
299,200.0,57.44882774353027
