0,21.0,111.92872142791748
1,23.0,111.8115234375
2,66.0,111.53901195526123
3,67.0,111.13562512397766
4,55.0,110.33008623123169
5,200.0,110.46923422813416
6,200.0,109.96367692947388
7,146.0,110.26499009132385
8,85.0,109.18065476417542
9,76.0,109.16687965393066
10,83.0,109.29994297027588
11,200.0,109.3291494846344
12,77.0,108.53844118118286
13,85.0,109.11550974845886
14,135.0,108.02450752258301
15,120.0,108.20353150367737
16,83.0,107.51730799674988
17,200.0,106.89763951301575
18,200.0,107.11408829689026
19,92.0,106.27179837226868
20,80.0,105.84901857376099
21,194.0,105.48284935951233
22,115.0,104.66665649414062
23,121.0,103.97614693641663
24,104.0,103.57980060577393
25,70.0,103.719158411026
26,103.0,102.86421346664429
27,159.0,103.13376379013062
28,200.0,101.84378695487976
29,200.0,100.81849455833435
30,200.0,101.23576784133911
31,158.0,100.16110396385193
32,200.0,99.13576698303223
33,130.0,99.04028296470642
34,146.0,98.60390782356262
35,200.0,98.17155885696411
36,200.0,97.19802975654602
37,200.0,96.17479586601257
38,200.0,96.0360803604126
39,200.0,95.63954257965088
40,200.0,94.36241698265076
41,200.0,94.25836634635925
42,200.0,92.87246751785278
43,200.0,91.87010049819946
44,200.0,91.46255230903625
45,200.0,91.1967921257019
46,200.0,90.13916063308716
47,200.0,90.0989179611206
48,200.0,89.17301917076111
49,200.0,88.61451196670532
50,200.0,86.93594455718994
51,200.0,86.68313813209534
52,200.0,85.03136658668518
53,200.0,84.89516353607178
54,200.0,84.46931719779968
55,200.0,83.99319410324097
56,200.0,83.8647027015686
57,200.0,82.8064067363739
58,200.0,82.98377299308777
59,200.0,82.40953254699707
60,200.0,81.79477524757385
61,200.0,81.69135808944702
62,200.0,80.36613893508911
63,200.0,80.43525552749634
64,200.0,79.66661882400513
65,200.0,78.63329029083252
66,200.0,78.42988014221191
67,200.0,78.07114696502686
68,200.0,77.44921135902405
69,200.0,77.10375738143921
70,200.0,76.28094339370728
71,200.0,76.21600461006165
72,200.0,75.65329074859619
73,200.0,74.59608364105225
74,200.0,74.01184463500977
75,200.0,73.22177267074585
76,200.0,72.76682615280151
77,200.0,72.57199120521545
78,200.0,72.07770609855652
79,200.0,71.27283358573914
80,200.0,71.47958993911743
81,200.0,70.50170946121216
82,200.0,70.30086374282837
83,200.0,69.75919270515442
84,200.0,68.51474571228027
85,200.0,68.1721544265747
86,200.0,68.95852184295654
87,200.0,68.02631664276123
88,200.0,67.46954464912415
89,200.0,67.33186197280884
90,200.0,67.19365525245667
91,200.0,66.07726263999939
92,200.0,65.86610150337219
93,200.0,66.2993700504303
94,200.0,65.90572142601013
95,200.0,65.46483325958252
96,200.0,64.21439456939697
97,200.0,64.26088428497314
98,200.0,63.48522090911865
99,200.0,63.753395318984985
100,200.0,63.10473895072937
101,200.0,62.73860430717468
102,200.0,62.078028202056885
103,200.0,61.238014936447144
104,200.0,60.876460790634155
105,200.0,60.540117025375366
106,200.0,60.823103189468384
107,200.0,60.10597038269043
108,200.0,60.70543718338013
109,200.0,59.96774506568909
110,200.0,60.079988956451416
111,200.0,59.25969672203064
112,200.0,58.89234972000122
113,200.0,58.84937834739685
114,200.0,57.99892973899841
115,200.0,57.39206910133362
116,200.0,57.74187254905701
117,200.0,56.98689889907837
118,200.0,57.08321499824524
119,200.0,56.6473753452301
120,200.0,56.92760896682739
121,200.0,56.11294627189636
122,200.0,56.69223761558533
123,200.0,55.77971625328064
124,200.0,55.019668102264404
125,200.0,54.282071352005005
126,200.0,53.922048568725586
127,200.0,53.60591697692871
128,200.0,53.265641927719116
129,200.0,52.759857177734375
130,200.0,52.84257793426514
131,200.0,52.29678535461426
132,200.0,52.72302579879761
133,200.0,52.18360900878906
134,200.0,51.90061807632446
135,200.0,51.96794891357422
136,200.0,51.47182846069336
137,200.0,51.193082332611084
138,200.0,51.46287441253662
139,200.0,50.82316064834595
140,200.0,50.684335231781006
141,200.0,50.946918964385986
142,200.0,50.18042182922363
143,200.0,49.83800530433655
144,200.0,49.746155738830566
145,200.0,49.80370736122131
146,200.0,49.32712721824646
147,200.0,49.158329010009766
148,200.0,48.304383754730225
149,200.0,48.374600648880005
150,200.0,48.670533180236816
151,200.0,48.42652416229248
152,200.0,48.29849576950073
153,200.0,48.2909722328186
154,200.0,47.80415153503418
155,200.0,47.878620862960815
156,200.0,47.96208119392395
157,200.0,47.76764917373657
158,200.0,47.79680871963501
159,200.0,47.04785943031311
160,200.0,46.93214440345764
161,200.0,46.62365508079529
162,200.0,46.512251138687134
163,200.0,46.46940207481384
164,200.0,47.005197525024414
165,200.0,46.342397928237915
166,200.0,46.107959508895874
167,200.0,46.13674545288086
168,200.0,45.7712619304657
169,200.0,45.77190041542053
170,200.0,46.00904846191406
171,200.0,45.93074345588684
172,200.0,45.543166160583496
173,200.0,45.43740725517273
174,200.0,45.144710540771484
175,200.0,44.958619832992554
176,200.0,45.03652858734131
177,200.0,44.90315365791321
178,200.0,44.74483370780945
179,200.0,44.75230836868286
180,200.0,44.996333360672
181,200.0,44.900710105895996
182,200.0,44.80881476402283
183,200.0,44.462377071380615
184,200.0,44.404141426086426
185,200.0,44.24850153923035
186,200.0,44.21705722808838
187,200.0,44.077779054641724
188,200.0,44.18018937110901
189,200.0,44.37342190742493
190,200.0,44.504510164260864
191,200.0,44.27054142951965
192,200.0,44.39608597755432
193,200.0,44.30882120132446
194,200.0,43.66738700866699
195,200.0,43.54836821556091
196,200.0,44.02794170379639
197,200.0,43.64841389656067
198,200.0,44.057504653930664
199,200.0,43.791882276535034
200,200.0,43.94824504852295
201,200.0,43.61254000663757
202,200.0,43.64426398277283
203,200.0,43.44164729118347
204,200.0,43.82565355300903
205,200.0,43.73986482620239
206,200.0,43.88769841194153
207,200.0,43.47850441932678
208,200.0,43.927496910095215
209,200.0,43.889291763305664
210,200.0,43.508387088775635
211,200.0,43.50991702079773
212,200.0,43.91882133483887
213,200.0,43.72338652610779
214,200.0,43.96597647666931
215,200.0,43.4801287651062
216,200.0,43.84817671775818
217,200.0,43.65113830566406
218,200.0,43.42262125015259
219,200.0,43.57280659675598
220,200.0,43.45677399635315
221,200.0,43.28841590881348
222,200.0,43.57890176773071
223,200.0,43.2581205368042
224,200.0,43.32154941558838
225,200.0,43.66630172729492
226,200.0,43.81573438644409
227,200.0,43.50208020210266
228,200.0,43.9368531703949
229,200.0,44.06745934486389
230,200.0,43.915595293045044
231,200.0,43.9116370677948
232,200.0,43.63352847099304
233,200.0,43.57277584075928
234,200.0,43.83750343322754
235,200.0,44.14277696609497
236,200.0,44.40380930900574
237,200.0,43.74328804016113
238,200.0,44.18916153907776
239,200.0,43.888240337371826
240,200.0,44.07044768333435
241,200.0,44.367690086364746
242,200.0,44.179938077926636
243,200.0,44.12234902381897
244,200.0,44.499069690704346
245,200.0,44.4048388004303
246,200.0,44.2954888343811
247,200.0,44.219724893569946
248,200.0,44.73279929161072
249,200.0,44.243552684783936
250,200.0,44.43367075920105
251,200.0,44.79142737388611
252,200.0,44.53160905838013
253,200.0,45.09851264953613
254,200.0,44.95629048347473
255,200.0,44.7309787273407
256,200.0,44.96023201942444
257,200.0,44.95820069313049
258,200.0,44.87744760513306
259,200.0,45.45896100997925
260,200.0,45.55586361885071
261,200.0,45.4985613822937
262,200.0,45.16719317436218
263,200.0,45.35888743400574
264,200.0,45.233580350875854
265,200.0,45.27870321273804
266,200.0,45.73020553588867
267,200.0,45.32618260383606
268,200.0,45.81603407859802
269,200.0,45.45620584487915
270,200.0,45.64873456954956
271,200.0,45.475406646728516
272,200.0,45.580974102020264
273,200.0,46.161033153533936
274,200.0,45.70022511482239
275,200.0,45.501365184783936
276,200.0,45.62743067741394
277,200.0,45.74633598327637
278,200.0,45.761258602142334
279,200.0,46.046884298324585
280,200.0,46.53939747810364
281,200.0,46.02713370323181
282,200.0,46.070472955703735
283,200.0,46.48723483085632
284,200.0,46.587132930755615
285,200.0,46.13569116592407
286,200.0,46.3781635761261
287,200.0,46.459457874298096
288,200.0,47.01216697692871
289,200.0,46.55370092391968
290,200.0,46.53613781929016
291,200.0,46.68667531013489
292,200.0,47.11264395713806
293,200.0,47.1718475818634
294,200.0,46.875699281692505
295,200.0,46.75899958610535
296,200.0,46.90859365463257
297,200.0,46.97930383682251
298,200.0,47.57411432266235
299,200.0,47.069926023483276
