0,32.0,126.53427004814148
1,41.0,125.82931661605835
2,200.0,125.46350741386414
3,200.0,125.35668635368347
4,200.0,124.67954516410828
5,200.0,124.35350489616394
6,200.0,123.98147487640381
7,200.0,123.12254548072815
8,200.0,122.40339255332947
9,200.0,122.7872040271759
10,200.0,121.72599220275879
11,200.0,121.0514485836029
12,200.0,120.67561531066895
13,200.0,120.16473197937012
14,200.0,119.31787896156311
15,200.0,118.97637057304382
16,200.0,119.20397710800171
17,200.0,118.63942337036133
18,200.0,117.4427011013031
19,200.0,116.9646863937378
20,200.0,116.94889760017395
21,200.0,115.07218265533447
22,200.0,115.26788210868835
23,200.0,113.17584013938904
24,200.0,111.95667767524719
25,200.0,111.34169721603394
26,200.0,110.64253211021423
27,200.0,111.59365582466125
28,200.0,110.89940810203552
29,200.0,109.26884198188782
30,200.0,109.71636652946472
31,200.0,108.24275135993958
32,200.0,107.48590683937073
33,200.0,106.47221970558167
34,200.0,104.78419327735901
35,200.0,104.81699419021606
36,200.0,102.63264346122742
37,200.0,101.71443176269531
38,200.0,101.49742889404297
39,200.0,99.31752395629883
40,200.0,98.87101531028748
41,190.0,98.171151638031
42,200.0,97.01691055297852
43,200.0,96.58145236968994
44,200.0,95.67721557617188
45,200.0,95.7738618850708
46,200.0,95.20499300956726
47,200.0,95.02652645111084
48,200.0,94.32916021347046
49,200.0,93.97166633605957
50,200.0,92.29276180267334
51,200.0,92.77379131317139
52,200.0,91.86031556129456
53,200.0,90.98948860168457
54,200.0,90.20075631141663
55,200.0,89.75363945960999
56,200.0,87.94925498962402
57,200.0,88.36375093460083
58,200.0,86.62501978874207
59,200.0,86.66065311431885
60,200.0,85.94085311889648
61,200.0,85.55962443351746
62,200.0,83.81994867324829
63,200.0,83.91175675392151
64,200.0,82.2996289730072
65,200.0,82.6852798461914
66,200.0,81.65977311134338
67,200.0,81.16646480560303
68,200.0,80.55999827384949
69,200.0,79.95264053344727
70,200.0,79.38579487800598
71,200.0,78.83337807655334
72,200.0,77.83726024627686
73,200.0,77.57434320449829
74,200.0,77.44472861289978
75,200.0,76.94054102897644
76,200.0,76.52313137054443
77,200.0,76.01323509216309
78,200.0,75.60413265228271
79,200.0,75.26801228523254
80,200.0,74.75692319869995
81,200.0,73.86623859405518
82,200.0,74.14125871658325
83,200.0,73.41289734840393
84,200.0,72.67604660987854
85,200.0,72.47556400299072
86,200.0,71.64084911346436
87,200.0,71.27736902236938
88,200.0,70.83590650558472
89,200.0,70.65366864204407
90,200.0,70.4594419002533
91,200.0,69.50638508796692
92,200.0,69.28128337860107
93,200.0,68.72064685821533
94,200.0,67.89651608467102
95,200.0,67.62003207206726
96,200.0,66.31974697113037
97,200.0,66.10557889938354
98,200.0,65.70561718940735
99,200.0,65.11768221855164
100,200.0,64.48315048217773
101,200.0,64.07723832130432
102,200.0,64.25824213027954
103,200.0,64.1620581150055
104,200.0,62.53620624542236
105,200.0,62.46260714530945
106,200.0,62.44898295402527
107,200.0,62.264129638671875
108,200.0,61.819559812545776
109,200.0,62.07840847969055
110,200.0,61.787545680999756
111,200.0,61.6526460647583
112,200.0,60.39811563491821
113,200.0,60.18845844268799
114,200.0,60.50797414779663
115,200.0,59.57582640647888
116,200.0,58.75691246986389
117,200.0,59.01808524131775
118,200.0,57.84633207321167
119,200.0,57.763776540756226
120,200.0,57.504653215408325
121,200.0,57.45140242576599
122,200.0,57.25979733467102
123,200.0,57.337576150894165
124,200.0,56.48580241203308
125,200.0,56.37221121788025
126,200.0,56.4383544921875
127,200.0,56.19052982330322
128,200.0,55.584043979644775
129,200.0,55.38779640197754
130,200.0,55.352179765701294
131,200.0,55.859800815582275
132,200.0,55.192888021469116
133,200.0,54.603867530822754
134,200.0,55.05711317062378
135,200.0,54.770434617996216
136,200.0,54.025249004364014
137,200.0,53.86407423019409
138,200.0,53.395981550216675
139,200.0,53.45899820327759
140,200.0,53.515891790390015
141,200.0,52.840086936950684
142,200.0,53.04823684692383
143,200.0,52.390568017959595
144,200.0,51.958510875701904
145,200.0,52.24645161628723
146,200.0,51.70643401145935
147,200.0,51.56391263008118
148,200.0,50.85159206390381
149,200.0,51.46035122871399
150,200.0,50.40341901779175
151,200.0,50.22486639022827
152,200.0,49.77803897857666
153,200.0,49.93332123756409
154,200.0,49.496026039123535
155,200.0,49.29952073097229
156,200.0,49.68604636192322
157,200.0,49.17590618133545
158,200.0,49.30549502372742
159,200.0,49.22637367248535
160,200.0,48.73036003112793
161,200.0,48.69042420387268
162,200.0,48.57850480079651
163,200.0,48.535760164260864
164,200.0,48.59221911430359
165,200.0,48.07654666900635
166,200.0,48.036994218826294
167,200.0,48.129777669906616
168,200.0,47.61402368545532
169,200.0,47.557015895843506
170,200.0,47.67829656600952
171,200.0,47.18023729324341
172,200.0,47.032384395599365
173,200.0,47.391072511672974
174,200.0,46.86968398094177
175,200.0,46.76122570037842
176,200.0,46.67165207862854
177,200.0,46.85945987701416
178,200.0,46.57784152030945
179,200.0,46.729713678359985
180,200.0,46.76969265937805
181,200.0,46.561885595321655
182,200.0,46.54736876487732
183,200.0,46.364126443862915
184,200.0,46.512340784072876
185,200.0,47.11582326889038
186,200.0,46.4966299533844
187,200.0,46.39355969429016
188,200.0,46.51234006881714
189,200.0,46.52655053138733
190,200.0,46.54335689544678
191,200.0,46.69587516784668
192,200.0,46.39336395263672
193,200.0,45.972246170043945
194,200.0,46.478660106658936
195,200.0,45.75097608566284
196,200.0,45.95956826210022
197,200.0,45.738072633743286
198,200.0,45.74706816673279
199,200.0,45.84209227561951
200,200.0,45.59275698661804
201,200.0,45.840948820114136
202,200.0,45.65014982223511
203,200.0,46.16878080368042
204,200.0,45.846611976623535
205,200.0,46.03106665611267
206,200.0,45.806076526641846
207,200.0,45.47467565536499
208,200.0,45.611085414886475
209,200.0,45.63420653343201
210,200.0,45.84726667404175
211,200.0,45.6676287651062
212,200.0,45.68161678314209
213,200.0,45.724191427230835
214,200.0,45.618743896484375
215,200.0,46.11416053771973
216,200.0,46.364524364471436
217,200.0,45.77674341201782
218,200.0,45.743632316589355
219,200.0,45.682687520980835
220,200.0,45.456648111343384
221,200.0,45.87196207046509
222,200.0,45.755006551742554
223,200.0,45.84506273269653
224,200.0,45.776225566864014
225,200.0,45.86182141304016
226,200.0,45.70280337333679
227,200.0,45.77286458015442
228,200.0,45.93087291717529
229,200.0,45.99881887435913
230,200.0,46.241533041000366
231,200.0,46.25924348831177
232,200.0,45.89592099189758
233,200.0,46.621402978897095
234,200.0,46.203482151031494
235,200.0,45.951969146728516
236,200.0,46.17355799674988
237,200.0,46.047232151031494
238,200.0,45.948392391204834
239,200.0,46.166030168533325
240,200.0,46.54107093811035
241,200.0,46.420836210250854
242,200.0,46.293484687805176
243,200.0,46.33104228973389
244,200.0,46.68295955657959
245,200.0,46.653014183044434
246,200.0,46.24881863594055
247,200.0,46.65939688682556
248,200.0,46.81725096702576
249,200.0,46.65416669845581
250,200.0,46.70586562156677
251,200.0,47.132563829422
252,200.0,46.83093523979187
253,200.0,46.8741180896759
254,200.0,46.70320677757263
255,200.0,46.685014724731445
256,200.0,46.46942734718323
257,200.0,46.66729283332825
258,200.0,46.94259285926819
259,200.0,46.957820892333984
260,200.0,46.75101017951965
261,200.0,46.96335744857788
262,200.0,47.813556432724
263,200.0,47.519866704940796
264,200.0,46.95352053642273
265,200.0,47.13908648490906
266,200.0,47.14036965370178
267,200.0,47.22173857688904
268,200.0,47.18179273605347
269,200.0,47.5719199180603
270,200.0,47.17776608467102
271,200.0,47.86105179786682
272,200.0,47.68529748916626
273,200.0,47.622920751571655
274,200.0,47.92927026748657
275,200.0,47.805320024490356
276,200.0,47.61043071746826
277,200.0,47.48590683937073
278,200.0,47.435768365859985
279,200.0,47.990554094314575
280,200.0,47.92404389381409
281,200.0,47.87373185157776
282,200.0,47.73976445198059
283,200.0,47.70012831687927
284,200.0,47.76107478141785
285,200.0,47.79786777496338
286,200.0,48.37099528312683
287,200.0,47.96482229232788
288,200.0,48.02097678184509
289,200.0,48.43651247024536
290,200.0,48.1376793384552
291,200.0,48.10399150848389
292,200.0,48.07620310783386
293,200.0,48.297746896743774
294,200.0,48.77970314025879
295,200.0,48.737016677856445
296,200.0,48.87288236618042
297,200.0,48.53665542602539
298,200.0,48.601518869400024
299,200.0,48.59190583229065
