0,29.0,117.43431997299194
1,200.0,117.56791281700134
2,156.0,116.18087553977966
3,200.0,116.11627149581909
4,155.0,115.04721331596375
5,181.0,115.43264651298523
6,134.0,116.07432270050049
7,178.0,114.77777600288391
8,200.0,113.58106732368469
9,200.0,113.76607155799866
10,82.0,113.46293830871582
11,105.0,112.70168685913086
12,125.0,111.97086787223816
13,154.0,112.66251158714294
14,73.0,111.77403426170349
15,95.0,111.00888657569885
16,104.0,110.12838673591614
17,136.0,110.91010928153992
18,108.0,109.48223567008972
19,147.0,109.04678058624268
20,99.0,108.72407793998718
21,113.0,107.9039032459259
22,103.0,107.97695255279541
23,182.0,107.3697292804718
24,81.0,104.69592785835266
25,77.0,104.43761968612671
26,81.0,104.76588535308838
27,101.0,103.67232179641724
28,91.0,102.75656795501709
29,90.0,102.21908688545227
30,76.0,102.2161512374878
31,93.0,101.83743667602539
32,120.0,100.19275045394897
33,140.0,99.07536578178406
34,86.0,98.38855361938477
35,84.0,98.1552414894104
36,111.0,98.22826886177063
37,82.0,98.734384059906
38,110.0,96.91540050506592
39,86.0,96.90257382392883
40,136.0,96.07248449325562
41,104.0,95.42315006256104
42,87.0,95.44805550575256
43,134.0,95.91455435752869
44,77.0,94.5263044834137
45,186.0,94.77009868621826
46,107.0,94.4163429737091
47,159.0,92.57377290725708
48,100.0,91.39920687675476
49,98.0,90.10380291938782
50,200.0,89.36539149284363
51,200.0,89.19712471961975
52,200.0,88.34802865982056
53,200.0,87.65136814117432
54,200.0,87.17688608169556
55,200.0,86.31383752822876
56,200.0,86.38049030303955
57,200.0,86.1262469291687
58,200.0,85.41829085350037
59,200.0,84.36837863922119
60,200.0,84.54473304748535
61,200.0,83.36196112632751
62,200.0,83.36206459999084
63,200.0,81.73804569244385
64,200.0,81.26108598709106
65,200.0,80.60441851615906
66,200.0,80.50473690032959
67,200.0,79.72157716751099
68,200.0,79.21315789222717
69,200.0,79.07418274879456
70,200.0,78.75926423072815
71,200.0,78.17101550102234
72,200.0,77.133061170578
73,200.0,77.28077554702759
74,200.0,77.31791090965271
75,200.0,75.94905638694763
76,200.0,75.53249931335449
77,200.0,75.4071261882782
78,200.0,74.51461458206177
79,200.0,74.19903540611267
80,200.0,72.912921667099
81,200.0,72.37607216835022
82,200.0,72.86152529716492
83,200.0,71.79712200164795
84,200.0,71.17436003684998
85,200.0,71.5530731678009
86,200.0,70.22122311592102
87,200.0,70.11313343048096
88,200.0,69.57025265693665
89,200.0,69.24347424507141
90,200.0,69.16371607780457
91,200.0,68.91048622131348
92,200.0,68.70961356163025
93,200.0,67.33965253829956
94,200.0,66.90472841262817
95,200.0,67.03734683990479
96,200.0,65.55521392822266
97,200.0,65.15809559822083
98,200.0,65.02097225189209
99,200.0,64.14970803260803
100,200.0,63.12025165557861
101,200.0,62.546294927597046
102,200.0,63.11772584915161
103,200.0,61.470566511154175
104,200.0,61.4945912361145
105,200.0,60.819273471832275
106,200.0,61.182202100753784
107,200.0,60.90328335762024
108,200.0,60.02203178405762
109,200.0,59.64957904815674
110,200.0,59.23585104942322
111,200.0,59.326489210128784
112,200.0,59.30531859397888
113,200.0,58.26532578468323
114,200.0,58.84844613075256
115,200.0,57.632604122161865
116,200.0,57.00427794456482
117,200.0,57.37951183319092
118,200.0,56.38033056259155
119,200.0,56.370513677597046
120,200.0,56.89964485168457
121,200.0,55.880372762680054
122,200.0,55.67068076133728
123,200.0,55.755701541900635
124,200.0,54.80424952507019
125,200.0,54.66957211494446
126,200.0,54.37016201019287
127,200.0,54.183520793914795
128,200.0,53.92662262916565
129,200.0,54.12108492851257
130,200.0,53.51498222351074
131,200.0,53.09405565261841
132,200.0,53.07366156578064
133,200.0,52.53991508483887
134,200.0,52.38787651062012
135,200.0,52.26021075248718
136,200.0,51.57851552963257
137,200.0,51.78468894958496
138,200.0,51.05673789978027
139,200.0,51.02291202545166
140,200.0,51.20587921142578
141,200.0,51.21079611778259
142,200.0,50.67897844314575
143,200.0,50.7781982421875
144,200.0,50.37328481674194
145,200.0,49.66740107536316
146,200.0,49.432469606399536
147,200.0,49.36722946166992
148,200.0,49.30511260032654
149,200.0,49.05939221382141
150,200.0,49.25480365753174
151,200.0,48.72394871711731
152,200.0,48.39301657676697
153,200.0,48.91838479042053
154,200.0,48.16973257064819
155,200.0,48.4506676197052
156,200.0,47.73527455329895
157,200.0,47.97921013832092
158,200.0,47.68390083312988
159,200.0,47.65120720863342
160,200.0,47.94082427024841
161,200.0,47.467939376831055
162,200.0,47.12831425666809
163,200.0,47.10996079444885
164,200.0,46.86650347709656
165,200.0,46.902116775512695
166,200.0,46.6846969127655
167,200.0,46.71878981590271
168,200.0,46.529316425323486
169,200.0,46.54698586463928
170,200.0,46.11486005783081
171,200.0,45.928648710250854
172,200.0,45.69586133956909
173,200.0,45.51119899749756
174,200.0,45.520153760910034
175,200.0,45.71342945098877
176,200.0,45.54725909233093
177,200.0,45.7721791267395
178,200.0,45.40071678161621
179,200.0,45.29962682723999
180,200.0,45.2007052898407
181,200.0,45.702197313308716
182,200.0,45.557875633239746
183,200.0,45.01504731178284
184,200.0,45.47211790084839
185,200.0,45.161744356155396
186,200.0,45.139347553253174
187,200.0,45.144885540008545
188,200.0,45.381502628326416
189,200.0,45.11855173110962
190,200.0,45.3016562461853
191,200.0,44.904252767562866
192,200.0,44.96927857398987
193,200.0,45.185237407684326
194,200.0,44.778563499450684
195,200.0,44.74844741821289
196,200.0,44.77423644065857
197,200.0,44.99186158180237
198,200.0,44.83387494087219
199,200.0,44.94735622406006
200,200.0,44.79085445404053
201,200.0,45.201027631759644
202,200.0,44.82969951629639
203,200.0,44.93664765357971
204,200.0,44.92630934715271
205,200.0,44.859864234924316
206,200.0,45.229429721832275
207,200.0,44.96100378036499
208,200.0,44.83105230331421
209,200.0,45.076251745224
210,200.0,45.313082456588745
211,200.0,45.15705919265747
212,200.0,45.03613805770874
213,200.0,44.99604868888855
214,200.0,45.10635495185852
215,200.0,45.309165716171265
216,200.0,45.50621294975281
217,200.0,45.4203622341156
218,200.0,45.32080316543579
219,200.0,45.4576416015625
220,200.0,45.36861705780029
221,200.0,46.35867214202881
222,200.0,45.775890827178955
223,200.0,45.86908531188965
224,200.0,45.28970956802368
225,200.0,45.78559327125549
226,200.0,45.89448261260986
227,200.0,45.695568799972534
228,200.0,45.96412134170532
229,200.0,45.84880566596985
230,200.0,45.62551522254944
231,200.0,45.52553606033325
232,200.0,45.990787744522095
233,200.0,45.52901101112366
234,200.0,46.06282591819763
235,200.0,45.75555109977722
236,200.0,45.9856812953949
237,200.0,45.87835383415222
238,200.0,45.971354246139526
239,200.0,45.8247447013855
240,200.0,46.09159326553345
241,200.0,45.894930839538574
242,200.0,45.97842049598694
243,200.0,46.13916802406311
244,200.0,45.89174962043762
245,200.0,46.46491765975952
246,200.0,46.700273275375366
247,200.0,46.50890803337097
248,200.0,46.720364570617676
249,200.0,46.76989817619324
250,200.0,46.44841694831848
251,200.0,46.46368741989136
252,200.0,46.620893716812134
253,200.0,46.65125846862793
254,200.0,47.000404834747314
255,200.0,47.14345836639404
256,200.0,46.82561445236206
257,200.0,46.98952531814575
258,200.0,47.04454827308655
259,200.0,47.02204751968384
260,200.0,47.07015061378479
261,200.0,47.583515882492065
262,200.0,47.51103138923645
263,200.0,47.394062995910645
264,200.0,47.311988830566406
265,200.0,47.88970708847046
266,200.0,47.97334265708923
267,200.0,47.48426651954651
268,200.0,47.79109168052673
269,200.0,48.03353571891785
270,200.0,47.668376207351685
271,200.0,48.22240948677063
272,200.0,47.90567708015442
273,200.0,47.944507122039795
274,200.0,48.2177529335022
275,200.0,48.477705240249634
276,200.0,48.299782037734985
277,200.0,48.22729969024658
278,200.0,48.359089374542236
279,200.0,48.564915895462036
280,200.0,48.84740900993347
281,200.0,49.02189064025879
282,200.0,48.77117586135864
283,200.0,49.77099013328552
284,200.0,48.86687135696411
285,200.0,49.25335693359375
286,200.0,48.809059619903564
287,200.0,48.93603992462158
288,200.0,48.95021414756775
289,200.0,49.03057885169983
290,200.0,49.2000937461853
291,200.0,49.03658437728882
292,200.0,50.059492349624634
293,200.0,49.42016315460205
294,200.0,49.20901942253113
295,200.0,49.361809730529785
296,200.0,49.32825326919556
297,200.0,49.53727698326111
298,200.0,49.54052376747131
299,200.0,49.88227844238281
