0,28.0,107.09611082077026
1,41.0,106.58959698677063
2,55.0,105.97326922416687
3,110.0,105.41934990882874
4,200.0,104.93566465377808
5,200.0,105.48681497573853
6,200.0,104.49854779243469
7,200.0,103.82197976112366
8,200.0,104.22790026664734
9,200.0,103.51347875595093
10,200.0,103.2377827167511
11,200.0,103.45777487754822
12,200.0,104.18412733078003
13,200.0,102.56134057044983
14,200.0,101.52941703796387
15,200.0,101.3020486831665
16,200.0,101.03355813026428
17,200.0,101.9525957107544
18,200.0,101.42169260978699
19,200.0,100.43380761146545
20,200.0,100.92248392105103
21,200.0,100.26806092262268
22,200.0,99.59980583190918
23,200.0,99.54501819610596
24,200.0,99.93860507011414
25,200.0,99.0828025341034
26,200.0,99.10836291313171
27,200.0,98.0298490524292
28,200.0,97.58772134780884
29,200.0,96.225102186203
30,200.0,96.57627463340759
31,200.0,95.34155201911926
32,200.0,94.50638246536255
33,200.0,93.9483163356781
34,200.0,94.02173781394958
35,200.0,93.60877060890198
36,200.0,93.96046423912048
37,200.0,93.13464093208313
38,200.0,92.43152141571045
39,200.0,92.39623427391052
40,200.0,91.2070963382721
41,200.0,91.41667342185974
42,200.0,91.0032799243927
43,200.0,89.96719741821289
44,200.0,89.48950433731079
45,200.0,88.8616201877594
46,200.0,88.40118026733398
47,200.0,88.18653702735901
48,200.0,87.39918828010559
49,200.0,88.03035235404968
50,200.0,87.51617980003357
51,200.0,87.04755544662476
52,200.0,86.28777146339417
53,200.0,85.76055979728699
54,200.0,85.20215702056885
55,200.0,84.78924918174744
56,200.0,83.39355087280273
57,200.0,83.10982179641724
58,200.0,83.35391330718994
59,200.0,82.81617403030396
60,200.0,81.36148834228516
61,200.0,81.52358675003052
62,200.0,80.67684149742126
63,200.0,80.43097877502441
64,200.0,80.45871901512146
65,200.0,80.23060297966003
66,200.0,79.04940795898438
67,200.0,77.62761926651001
68,200.0,77.43444085121155
69,200.0,76.89217948913574
70,200.0,76.87065553665161
71,200.0,76.23178744316101
72,200.0,75.91697192192078
73,200.0,75.0886538028717
74,200.0,75.79841804504395
75,200.0,75.01548314094543
76,200.0,74.48543405532837
77,200.0,74.04133939743042
78,200.0,73.08498406410217
79,200.0,72.41168332099915
80,200.0,71.98689866065979
81,200.0,72.20459508895874
82,200.0,71.62536334991455
83,200.0,71.23352217674255
84,200.0,70.96971726417542
85,200.0,70.44798016548157
86,200.0,70.78415441513062
87,200.0,69.95912909507751
88,200.0,69.08233785629272
89,200.0,68.6322603225708
90,200.0,68.93630123138428
91,200.0,68.48609662055969
92,200.0,68.3454360961914
93,200.0,68.44345498085022
94,200.0,68.30810761451721
95,200.0,68.03840732574463
96,200.0,67.60218214988708
97,200.0,67.38675785064697
98,200.0,66.91333079338074
99,200.0,66.39456868171692
100,200.0,66.24839520454407
101,200.0,66.19438290596008
102,200.0,65.85001969337463
103,200.0,65.7558741569519
104,200.0,65.75671911239624
105,200.0,65.36633443832397
106,200.0,65.27355813980103
107,200.0,65.12472438812256
108,200.0,64.99243378639221
109,200.0,64.32270860671997
110,200.0,64.26999378204346
111,200.0,63.84887456893921
112,200.0,63.77884769439697
113,200.0,63.35081386566162
114,200.0,63.33956861495972
115,200.0,63.15606188774109
116,200.0,62.47640252113342
117,200.0,62.55850338935852
118,200.0,61.780693769454956
119,200.0,61.9899845123291
120,200.0,61.67299771308899
121,200.0,60.57562613487244
122,200.0,60.692713499069214
123,200.0,60.11006450653076
124,200.0,60.60217761993408
125,200.0,60.45114874839783
126,200.0,59.50131964683533
127,200.0,59.12104392051697
128,200.0,58.94688034057617
129,200.0,58.669140100479126
130,200.0,58.6844265460968
131,200.0,57.98013186454773
132,200.0,58.54761505126953
133,200.0,57.985429525375366
134,200.0,57.72272539138794
135,200.0,57.67065501213074
136,200.0,57.33397054672241
137,200.0,57.180484771728516
138,200.0,57.49671769142151
139,200.0,57.25488495826721
140,200.0,56.61829710006714
141,200.0,56.30451440811157
142,200.0,55.70106339454651
143,200.0,55.666565895080566
144,200.0,55.051188707351685
145,200.0,55.06603503227234
146,200.0,54.7807981967926
147,200.0,55.642333984375
148,200.0,55.134334325790405
149,200.0,54.68954825401306
150,200.0,55.25839829444885
151,200.0,54.34904336929321
152,200.0,54.816126108169556
153,200.0,53.819090127944946
154,200.0,54.440767765045166
155,200.0,54.10608959197998
156,200.0,53.99797463417053
157,200.0,53.8368034362793
158,200.0,53.549320459365845
159,200.0,53.210822105407715
160,200.0,53.36688041687012
161,200.0,52.895689725875854
162,200.0,52.943716287612915
163,200.0,53.17618155479431
164,200.0,53.76130199432373
165,200.0,53.35352325439453
166,200.0,52.843109130859375
167,200.0,53.33506369590759
168,200.0,52.86250710487366
169,200.0,52.738935232162476
170,200.0,52.50110697746277
171,200.0,52.85642647743225
172,200.0,52.33363676071167
173,200.0,52.919140577316284
174,200.0,52.11409878730774
175,200.0,52.15740394592285
176,200.0,52.17268395423889
177,200.0,52.32569885253906
178,200.0,52.85345935821533
179,200.0,52.45359992980957
180,200.0,52.07971000671387
181,200.0,51.906113624572754
182,200.0,52.41867637634277
183,200.0,51.75850796699524
184,200.0,52.3662543296814
185,200.0,51.83306264877319
186,200.0,51.85367393493652
187,200.0,52.07006788253784
188,200.0,51.862412214279175
189,200.0,52.02648186683655
190,200.0,52.278279066085815
191,200.0,52.18559217453003
192,200.0,51.95004367828369
193,200.0,52.758208990097046
194,200.0,52.233755350112915
195,200.0,52.234591245651245
196,200.0,51.44389486312866
197,200.0,51.83189129829407
198,200.0,51.83704090118408
199,200.0,51.60227298736572
200,200.0,51.433565855026245
201,200.0,51.92138051986694
202,200.0,51.77492713928223
203,200.0,51.92624378204346
204,200.0,51.64093995094299
205,200.0,52.06372547149658
206,200.0,52.105140209198
207,200.0,52.11477184295654
208,200.0,51.909244775772095
209,200.0,52.54774761199951
210,200.0,51.7177038192749
211,200.0,51.86577320098877
212,200.0,51.65381669998169
213,200.0,51.32645511627197
214,200.0,51.42101526260376
215,200.0,51.04421901702881
216,200.0,51.447192430496216
217,200.0,51.74383735656738
218,200.0,51.56596255302429
219,200.0,51.24926042556763
220,200.0,51.24991321563721
221,200.0,51.438828468322754
222,200.0,51.10070252418518
223,200.0,51.25546407699585
224,200.0,51.30394625663757
225,200.0,51.079306840896606
226,200.0,50.779728174209595
227,200.0,51.49969124794006
228,200.0,50.36377549171448
229,200.0,49.91937756538391
230,200.0,50.06488513946533
231,200.0,49.86681580543518
232,200.0,49.84392738342285
233,200.0,49.41607856750488
234,200.0,49.945056200027466
235,200.0,49.946221590042114
236,200.0,50.27942776679993
237,200.0,50.1849946975708
238,200.0,49.99611186981201
239,200.0,50.04497408866882
240,200.0,50.39675521850586
241,200.0,50.34856152534485
242,200.0,50.36358022689819
243,200.0,50.4982693195343
244,200.0,49.89708471298218
245,200.0,50.01773381233215
246,200.0,50.339072704315186
247,200.0,50.560882806777954
248,200.0,50.62782168388367
249,200.0,50.320390939712524
250,200.0,49.19818139076233
251,200.0,49.477195024490356
252,200.0,49.54711604118347
253,200.0,49.56418180465698
254,200.0,49.90639352798462
255,200.0,49.84335708618164
256,200.0,50.275797843933105
257,200.0,49.73122835159302
258,200.0,49.65644836425781
259,200.0,49.53606152534485
260,200.0,49.105055809020996
261,200.0,48.27316117286682
262,200.0,48.44123935699463
263,200.0,47.759883403778076
264,200.0,47.77504229545593
265,200.0,48.06788086891174
266,200.0,48.51801896095276
267,200.0,48.447272062301636
268,200.0,48.87547540664673
269,200.0,48.08954930305481
270,200.0,48.36908149719238
271,200.0,48.39168095588684
272,200.0,48.473005294799805
273,200.0,48.693785667419434
274,200.0,48.84845185279846
275,200.0,48.470916986465454
276,200.0,48.74129581451416
277,200.0,48.57140064239502
278,200.0,48.58744239807129
279,200.0,48.63818621635437
280,200.0,48.237215518951416
281,200.0,47.92761421203613
282,200.0,48.32109522819519
283,200.0,47.91676115989685
284,200.0,47.75122332572937
285,200.0,48.13493800163269
286,200.0,47.472742557525635
287,200.0,47.27420473098755
288,200.0,47.16083216667175
289,200.0,47.16529440879822
290,200.0,47.079771518707275
291,200.0,46.82746171951294
292,200.0,46.90176558494568
293,200.0,46.53162384033203
294,200.0,46.88839864730835
295,200.0,46.38943314552307
296,200.0,46.34796738624573
297,200.0,46.377012968063354
298,200.0,46.3648476600647
299,200.0,46.04609274864197
