0,17.0,131.27847981452942
1,200.0,131.07853507995605
2,200.0,131.75379991531372
3,200.0,131.73551082611084
4,200.0,129.90541124343872
5,200.0,129.78948640823364
6,200.0,129.21748304367065
7,200.0,129.94063067436218
8,200.0,129.25754523277283
9,200.0,128.03727674484253
10,200.0,127.62205719947815
11,200.0,126.48373174667358
12,200.0,125.5076470375061
13,200.0,124.73548007011414
14,200.0,125.01741909980774
15,200.0,123.2947793006897
16,200.0,124.09315490722656
17,200.0,122.6550304889679
18,200.0,121.70549201965332
19,200.0,121.18479657173157
20,200.0,120.96793293952942
21,200.0,120.15094804763794
22,200.0,121.06012487411499
23,200.0,120.15978360176086
24,200.0,118.18275904655457
25,200.0,118.16905999183655
26,200.0,115.62515068054199
27,200.0,116.7069149017334
28,200.0,116.07649159431458
29,200.0,115.07500886917114
30,200.0,114.31657004356384
31,200.0,113.39987373352051
32,200.0,111.0634503364563
33,200.0,110.28553700447083
34,200.0,110.08117914199829
35,200.0,109.2901120185852
36,200.0,109.08078956604004
37,200.0,107.08628559112549
38,200.0,108.1966028213501
39,200.0,107.27421069145203
40,200.0,105.95942878723145
41,200.0,105.81268334388733
42,200.0,105.72078537940979
43,200.0,104.47034692764282
44,200.0,102.86483716964722
45,200.0,102.04403924942017
46,200.0,101.55203080177307
47,200.0,101.62929201126099
48,200.0,100.93541097640991
49,200.0,100.42938828468323
50,200.0,98.75791811943054
51,195.0,98.59965944290161
52,200.0,98.42747855186462
53,200.0,96.87506175041199
54,200.0,95.86610579490662
55,200.0,96.00757074356079
56,200.0,93.71814942359924
57,117.0,93.37879300117493
58,200.0,92.34217834472656
59,200.0,93.08176231384277
60,200.0,91.53580069541931
61,200.0,90.68760371208191
62,200.0,90.31634163856506
63,200.0,89.58531308174133
64,200.0,88.33622741699219
65,200.0,88.43457317352295
66,178.0,87.50597310066223
67,175.0,87.13341116905212
68,200.0,86.04733324050903
69,200.0,85.17512321472168
70,200.0,85.72135424613953
71,200.0,84.41642880439758
72,200.0,84.24190998077393
73,200.0,84.50556373596191
74,196.0,82.96330547332764
75,200.0,83.07642459869385
76,200.0,81.51678252220154
77,200.0,81.45536684989929
78,200.0,81.17238163948059
79,200.0,80.48814082145691
80,200.0,80.02245855331421
81,200.0,79.16602444648743
82,200.0,79.0061240196228
83,134.0,77.82106113433838
84,200.0,76.5837607383728
85,200.0,76.37167692184448
86,200.0,75.87456631660461
87,166.0,75.53502583503723
88,200.0,75.28016471862793
89,182.0,75.04946732521057
90,200.0,74.66165018081665
91,200.0,74.12832427024841
92,180.0,73.72313189506531
93,200.0,72.84901022911072
94,182.0,73.09757781028748
95,200.0,72.13281202316284
96,138.0,71.88772916793823
97,200.0,70.94021081924438
98,200.0,70.78908896446228
99,200.0,70.52745342254639
100,200.0,70.5596399307251
101,200.0,70.03789114952087
102,200.0,69.93397903442383
103,200.0,68.9829523563385
104,200.0,69.07253527641296
105,200.0,69.73920774459839
106,200.0,68.44189357757568
107,200.0,68.93256783485413
108,200.0,67.73960494995117
109,200.0,67.42669558525085
110,190.0,67.1586754322052
111,200.0,66.79156756401062
112,200.0,66.66943120956421
113,200.0,66.36999487876892
114,200.0,65.96921038627625
115,200.0,65.56912803649902
116,200.0,65.24700427055359
117,200.0,64.80593776702881
118,200.0,64.70025491714478
119,200.0,65.24487161636353
120,200.0,64.30775451660156
121,200.0,64.15932965278625
122,194.0,64.25837802886963
123,182.0,63.47524547576904
124,200.0,63.801661252975464
125,200.0,63.14721155166626
126,200.0,62.610352754592896
127,200.0,62.16097378730774
128,200.0,62.29622721672058
129,200.0,61.53437948226929
130,200.0,61.65550136566162
131,178.0,61.16930413246155
132,200.0,61.27286410331726
133,132.0,61.124520778656006
134,200.0,61.45268177986145
135,200.0,60.224196910858154
136,200.0,60.48560929298401
137,200.0,60.16309404373169
138,200.0,59.71058988571167
139,200.0,59.81766963005066
140,200.0,59.903005599975586
141,200.0,58.969088077545166
142,200.0,58.36172676086426
143,200.0,58.445533990859985
144,200.0,58.00008749961853
145,200.0,58.3635892868042
146,200.0,57.732500076293945
147,200.0,57.44239783287048
148,200.0,57.48944401741028
149,200.0,56.9190194606781
150,200.0,56.98000764846802
151,200.0,57.11955189704895
152,200.0,56.406421184539795
153,200.0,56.292081356048584
154,200.0,56.04140019416809
155,200.0,56.03903579711914
156,200.0,55.71038556098938
157,200.0,55.79936242103577
158,200.0,55.62909984588623
159,200.0,55.24364376068115
160,200.0,55.156858682632446
161,200.0,55.12051296234131
162,200.0,54.95922112464905
163,200.0,55.02922773361206
164,200.0,55.0022668838501
165,200.0,55.027759313583374
166,200.0,54.817861795425415
167,200.0,54.70582032203674
168,200.0,54.025750398635864
169,200.0,54.423365354537964
170,200.0,53.87241172790527
171,200.0,54.40721821784973
172,200.0,53.76531171798706
173,200.0,53.84591507911682
174,200.0,53.47082877159119
175,200.0,53.64846634864807
176,200.0,53.242538928985596
177,200.0,53.22800254821777
178,200.0,52.57674694061279
179,200.0,53.200910568237305
180,200.0,52.93794655799866
181,200.0,52.8437602519989
182,200.0,52.77135419845581
183,200.0,52.90513348579407
184,200.0,52.651437282562256
185,200.0,52.72473645210266
186,200.0,52.38732171058655
187,200.0,51.981462478637695
188,200.0,51.94646763801575
189,200.0,52.20179557800293
190,200.0,51.880006074905396
191,200.0,51.747700691223145
192,200.0,51.704570055007935
193,200.0,51.80891752243042
194,200.0,51.807157039642334
195,200.0,51.811490297317505
196,200.0,51.56436014175415
197,200.0,51.655786991119385
198,200.0,51.84830117225647
199,200.0,51.71660494804382
200,200.0,51.795204401016235
201,200.0,51.84563755989075
202,200.0,51.89802670478821
203,200.0,52.18297553062439
204,200.0,52.13847517967224
205,200.0,51.99985432624817
206,200.0,51.74475908279419
207,200.0,51.92814230918884
208,200.0,52.33846163749695
209,200.0,52.175437927246094
210,200.0,52.12936854362488
211,200.0,52.33956503868103
212,200.0,52.698336601257324
213,200.0,52.900696754455566
214,200.0,52.804163217544556
215,200.0,52.493220806121826
216,200.0,52.60840654373169
217,200.0,52.69753408432007
218,200.0,52.8732430934906
219,200.0,52.856796741485596
220,200.0,53.14071273803711
221,200.0,53.249208211898804
222,200.0,53.42035722732544
223,200.0,53.079421520233154
224,200.0,53.17112684249878
225,200.0,53.603007316589355
226,200.0,53.496768951416016
227,200.0,53.350239515304565
228,200.0,53.58796143531799
229,200.0,53.87964630126953
230,200.0,54.01445984840393
231,200.0,53.802451848983765
232,200.0,53.82983064651489
233,200.0,53.95989632606506
234,200.0,54.120768547058105
235,200.0,54.225979804992676
236,200.0,53.72184777259827
237,200.0,53.63508915901184
238,200.0,53.946171045303345
239,200.0,54.347118854522705
240,200.0,54.47269821166992
241,200.0,54.44148850440979
242,200.0,54.55576825141907
243,200.0,54.26688265800476
244,200.0,54.55126237869263
245,200.0,54.46121001243591
246,200.0,54.26719641685486
247,200.0,54.817057847976685
248,200.0,55.03958559036255
249,200.0,54.22242879867554
250,200.0,54.19364929199219
251,200.0,54.69144606590271
252,200.0,55.129143714904785
253,200.0,55.69640874862671
254,200.0,55.31791281700134
255,200.0,55.12929368019104
256,200.0,55.60994553565979
257,200.0,55.184237480163574
258,200.0,55.808642625808716
259,200.0,55.98186731338501
260,200.0,55.8152437210083
261,200.0,56.01335692405701
262,200.0,55.81394815444946
263,200.0,56.130136489868164
264,200.0,55.64444065093994
265,200.0,55.48718285560608
266,200.0,55.38829803466797
267,200.0,55.54762935638428
268,200.0,55.43345260620117
269,200.0,55.749187707901
270,200.0,56.072489500045776
271,200.0,55.67307639122009
272,200.0,55.64054822921753
273,200.0,55.7780122756958
274,200.0,56.19872522354126
275,200.0,56.099528789520264
276,200.0,55.99228358268738
277,200.0,56.28182506561279
278,200.0,56.35732936859131
279,200.0,56.30311918258667
280,200.0,56.37337565422058
281,200.0,56.29455304145813
282,200.0,56.48903751373291
283,200.0,56.59768581390381
284,200.0,56.49925351142883
285,200.0,56.319788455963135
286,200.0,56.216355323791504
287,200.0,56.699711561203
288,200.0,56.48603677749634
289,200.0,56.83683395385742
290,200.0,57.40844106674194
291,200.0,57.26080870628357
292,200.0,56.99912142753601
293,200.0,57.12531805038452
294,200.0,57.04764223098755
295,200.0,57.38214683532715
296,200.0,57.337249517440796
297,200.0,57.44995069503784
298,200.0,57.534767627716064
299,200.0,57.47496962547302
