0,35.0,149.263179063797
1,36.0,148.8476541042328
2,29.0,148.84560084342957
3,54.0,148.9823603630066
4,44.0,148.68737864494324
5,48.0,150.31089782714844
6,46.0,150.18322587013245
7,200.0,150.07548236846924
8,200.0,150.236261844635
9,200.0,150.00550246238708
10,200.0,151.55314421653748
11,200.0,151.49797129631042
12,200.0,149.62494158744812
13,200.0,151.20725226402283
14,200.0,151.8993170261383
15,119.0,152.1714792251587
16,94.0,152.48833298683167
17,198.0,152.43053913116455
18,94.0,152.57612490653992
19,106.0,151.93510174751282
20,86.0,152.878812789917
21,200.0,153.99134302139282
22,142.0,153.3208339214325
23,200.0,154.80922770500183
24,113.0,152.48504424095154
25,107.0,148.83677506446838
26,145.0,149.39809131622314
27,200.0,148.94425010681152
28,104.0,147.60848546028137
29,104.0,147.77771186828613
30,181.0,146.7256875038147
31,86.0,146.77342200279236
32,110.0,147.1498100757599
33,133.0,145.96840500831604
34,120.0,145.5265188217163
35,200.0,145.92411708831787
36,192.0,145.45384049415588
37,98.0,144.55692625045776
38,162.0,144.21803617477417
39,156.0,144.50320076942444
40,136.0,144.85567808151245
41,200.0,144.54122042655945
42,108.0,144.74837923049927
43,194.0,145.81844472885132
44,103.0,146.01327180862427
45,200.0,145.19334816932678
46,124.0,143.04390716552734
47,120.0,143.9736852645874
48,200.0,144.20473408699036
49,116.0,143.87975430488586
50,200.0,143.26316809654236
51,200.0,142.78395462036133
52,200.0,143.3201389312744
53,200.0,142.47793292999268
54,200.0,142.0674512386322
55,200.0,142.42580890655518
56,200.0,142.00701689720154
57,200.0,141.94876146316528
58,200.0,141.6006076335907
59,200.0,141.70583772659302
60,200.0,141.94055080413818
61,200.0,141.016761302948
62,200.0,140.55428099632263
63,200.0,140.92440342903137
64,200.0,140.3738820552826
65,200.0,139.55971932411194
66,200.0,139.69260907173157
67,200.0,139.26176714897156
68,200.0,139.22708654403687
69,200.0,137.9207170009613
70,200.0,137.91067266464233
71,200.0,137.98265862464905
72,200.0,136.65672087669373
73,200.0,134.9143512248993
74,200.0,134.6143136024475
75,200.0,134.40552377700806
76,200.0,134.65464186668396
77,200.0,134.91126036643982
78,200.0,134.7457664012909
79,200.0,134.04073333740234
80,200.0,133.55489087104797
81,200.0,133.03685545921326
82,200.0,131.95176649093628
83,200.0,132.6845886707306
84,200.0,131.03473353385925
85,200.0,130.77891278266907
86,200.0,130.67839789390564
87,200.0,130.7003219127655
88,200.0,131.14385437965393
89,200.0,130.17836570739746
90,200.0,130.5565643310547
91,200.0,130.13733911514282
92,200.0,130.44136476516724
93,200.0,128.82687044143677
94,200.0,129.841304063797
95,200.0,130.11166501045227
96,200.0,130.33657836914062
97,200.0,128.70436811447144
98,200.0,128.7664294242859
99,200.0,127.63014268875122
100,200.0,128.7097556591034
101,200.0,129.28316044807434
102,200.0,128.72757124900818
103,200.0,127.90594124794006
104,200.0,126.49924755096436
105,200.0,127.49880743026733
106,200.0,127.79430770874023
107,200.0,127.9190399646759
108,200.0,128.0151665210724
109,200.0,127.60200762748718
110,200.0,125.04230642318726
111,200.0,125.6493284702301
112,200.0,125.86220264434814
113,200.0,126.44085955619812
114,200.0,125.33234333992004
115,200.0,124.7019305229187
116,200.0,124.94347167015076
117,200.0,125.20621871948242
118,200.0,127.1320149898529
119,200.0,126.49209475517273
120,200.0,124.72546339035034
121,200.0,124.32845091819763
122,200.0,124.9362850189209
123,200.0,126.32289242744446
124,200.0,124.96539616584778
125,200.0,125.8712215423584
126,200.0,126.90749025344849
127,200.0,126.98381638526917
128,200.0,126.91651582717896
129,200.0,127.19349479675293
130,200.0,125.59369397163391
131,200.0,125.4873514175415
132,200.0,125.00783681869507
133,200.0,127.16764426231384
134,200.0,125.8389196395874
135,200.0,128.13251948356628
136,200.0,126.94987487792969
137,200.0,126.23563575744629
138,200.0,127.45893907546997
139,200.0,127.48019027709961
140,200.0,126.60757803916931
141,200.0,127.20784640312195
142,200.0,126.955002784729
143,200.0,128.33704137802124
144,200.0,129.0878849029541
145,200.0,129.4597795009613
146,200.0,128.8174569606781
147,200.0,129.90274095535278
148,200.0,129.34180808067322
149,200.0,129.8105227947235
150,200.0,129.3640058040619
151,200.0,128.83264017105103
152,200.0,128.00368285179138
153,200.0,128.82955813407898
154,200.0,127.89420247077942
155,200.0,126.72100639343262
156,200.0,129.16969799995422
157,200.0,128.67887091636658
158,200.0,127.89964866638184
159,200.0,127.22637510299683
160,200.0,126.23325705528259
161,200.0,127.54276776313782
162,200.0,126.69204592704773
163,200.0,126.24896788597107
164,200.0,126.6350564956665
165,200.0,126.40500545501709
166,200.0,126.45366311073303
167,200.0,127.0933039188385
168,200.0,126.46991467475891
169,200.0,126.52072644233704
170,200.0,126.52736163139343
171,200.0,126.25806021690369
172,200.0,126.9048159122467
173,200.0,126.02885746955872
174,200.0,126.64794301986694
175,200.0,127.57831716537476
176,200.0,126.11606693267822
177,200.0,127.20690822601318
178,200.0,126.60488986968994
179,200.0,127.41420483589172
180,200.0,126.46302318572998
181,200.0,126.73189902305603
182,200.0,126.6775290966034
183,200.0,127.3293685913086
184,200.0,127.62289094924927
185,200.0,128.48441100120544
186,200.0,126.71218228340149
187,200.0,127.76695275306702
188,200.0,127.37696027755737
189,200.0,127.95549058914185
190,200.0,128.91266870498657
191,200.0,129.24653697013855
192,200.0,128.13563513755798
193,200.0,129.99923706054688
194,200.0,130.89852380752563
195,200.0,129.55741357803345
196,200.0,129.89994311332703
197,200.0,130.22908854484558
198,200.0,130.4300718307495
199,200.0,131.52488708496094
200,200.0,130.24413061141968
201,200.0,132.4268820285797
202,200.0,132.33574295043945
203,200.0,130.84253215789795
204,200.0,131.70599508285522
205,200.0,132.9467945098877
206,200.0,133.83101081848145
207,200.0,133.07693457603455
208,200.0,132.62682843208313
209,200.0,133.25331115722656
210,200.0,133.88737559318542
211,200.0,132.54376649856567
212,200.0,132.53044843673706
213,200.0,134.27292799949646
214,200.0,132.0072169303894
215,200.0,131.23355555534363
216,200.0,133.09264659881592
217,200.0,132.49770760536194
218,200.0,133.30940914154053
219,200.0,133.45488810539246
220,200.0,134.48083996772766
221,200.0,135.01117396354675
222,200.0,135.0032341480255
223,200.0,135.30975675582886
224,200.0,135.5052785873413
225,200.0,136.5278422832489
226,200.0,138.5006902217865
227,200.0,137.6534731388092
228,200.0,137.9004349708557
229,105.0,139.34284234046936
230,123.0,139.5933699607849
231,200.0,140.44325971603394
232,123.0,140.96395254135132
233,142.0,140.8325593471527
234,144.0,140.12109351158142
235,200.0,141.23442554473877
236,120.0,140.73613858222961
237,184.0,141.27550983428955
238,200.0,140.78013801574707
239,200.0,141.70440483093262
240,118.0,141.4086320400238
241,200.0,141.32410860061646
242,200.0,141.0473427772522
243,151.0,141.7764766216278
244,192.0,142.61044597625732
245,200.0,140.8704969882965
246,168.0,142.00690913200378
247,167.0,142.3488461971283
248,200.0,140.7166657447815
249,144.0,142.3354136943817
250,200.0,140.92985081672668
251,200.0,142.083101272583
252,132.0,141.9571967124939
253,141.0,141.69231510162354
254,136.0,141.93744277954102
255,200.0,142.72744965553284
256,200.0,144.05593013763428
257,112.0,142.79144167900085
258,200.0,142.98804545402527
259,136.0,144.90661239624023
260,132.0,145.90760445594788
261,200.0,146.1331958770752
262,200.0,144.3874168395996
263,116.0,146.3921880722046
264,150.0,145.4674038887024
265,156.0,145.97368025779724
266,136.0,146.5856475830078
267,160.0,145.9766185283661
268,125.0,147.287034034729
269,200.0,146.4855456352234
270,200.0,146.947744846344
271,200.0,147.1529233455658
272,178.0,146.39677476882935
273,143.0,147.95483565330505
274,130.0,146.12078738212585
275,200.0,146.7128553390503
276,141.0,147.0822193622589
277,146.0,147.27492308616638
278,177.0,146.61405730247498
279,200.0,146.55517053604126
280,200.0,145.65619564056396
281,124.0,145.24327731132507
282,154.0,145.04845881462097
283,200.0,145.24889755249023
284,146.0,147.78898358345032
285,124.0,145.72180271148682
286,138.0,146.35400557518005
287,200.0,148.3554346561432
288,168.0,148.1513512134552
289,128.0,147.82783269882202
290,122.0,149.5654797554016
291,134.0,147.38845348358154
292,172.0,148.08718991279602
293,116.0,149.0820779800415
294,200.0,147.33047604560852
295,196.0,147.67821764945984
296,182.0,148.95452070236206
297,200.0,148.77653169631958
298,186.0,148.41772603988647
299,134.0,148.79154253005981
