0,50.0,110.88672161102295
1,41.0,111.5290675163269
2,34.0,112.1379086971283
3,38.0,112.14472150802612
4,200.0,111.12862920761108
5,67.0,113.0158281326294
6,121.0,112.71751308441162
7,140.0,112.95242643356323
8,103.0,113.0601806640625
9,200.0,113.28060603141785
10,200.0,112.97568607330322
11,200.0,112.9969973564148
12,200.0,112.87614679336548
13,145.0,112.62635636329651
14,200.0,112.61010646820068
15,200.0,112.40897107124329
16,200.0,112.5447826385498
17,200.0,113.95101070404053
18,108.0,111.97592425346375
19,200.0,112.77940607070923
20,200.0,112.97631859779358
21,200.0,112.46514749526978
22,200.0,112.72023868560791
23,200.0,112.5346188545227
24,200.0,113.12532305717468
25,200.0,112.23602676391602
26,200.0,111.66945147514343
27,200.0,112.65787816047668
28,200.0,111.08397626876831
29,200.0,112.42700505256653
30,200.0,110.97513437271118
31,200.0,111.55154705047607
32,200.0,111.92749452590942
33,200.0,110.84694981575012
34,200.0,110.5132417678833
35,200.0,111.46068739891052
36,200.0,110.68583536148071
37,200.0,111.208003282547
38,200.0,110.32331418991089
39,112.0,109.60839581489563
40,118.0,110.32067155838013
41,200.0,109.22179293632507
42,154.0,109.02497577667236
43,118.0,109.88717246055603
44,120.0,108.18795466423035
45,82.0,108.28179049491882
46,195.0,108.66180777549744
47,200.0,108.835036277771
48,83.0,109.46776938438416
49,139.0,108.6798586845398
50,129.0,108.76710486412048
51,131.0,109.72301030158997
52,99.0,109.28255581855774
53,115.0,108.94026255607605
54,170.0,108.47087049484253
55,153.0,108.34710144996643
56,87.0,107.78669738769531
57,159.0,107.04426336288452
58,93.0,107.13656282424927
59,162.0,105.93044257164001
60,200.0,105.70957040786743
61,118.0,105.0066568851471
62,74.0,105.13319945335388
63,200.0,104.07924675941467
64,200.0,103.85263323783875
65,200.0,103.20803189277649
66,200.0,102.98699307441711
67,200.0,101.98491430282593
68,200.0,101.96657276153564
69,200.0,101.83330821990967
70,200.0,101.4455726146698
71,200.0,101.30895566940308
72,200.0,101.43646931648254
73,200.0,101.95181107521057
74,200.0,101.40545439720154
75,200.0,102.46292400360107
76,200.0,101.97167897224426
77,200.0,102.30406856536865
78,200.0,102.28398561477661
79,200.0,101.54207944869995
80,200.0,100.74760055541992
81,200.0,100.42713260650635
82,200.0,100.7433090209961
83,200.0,100.92455196380615
84,200.0,100.39023160934448
85,200.0,100.77712893486023
86,200.0,99.93490839004517
87,200.0,99.75910425186157
88,200.0,99.21806240081787
89,200.0,99.25463104248047
90,200.0,98.40411806106567
91,200.0,98.65401840209961
92,200.0,100.0396192073822
93,200.0,99.8446409702301
94,200.0,98.33467030525208
95,200.0,98.71247172355652
96,200.0,99.87746143341064
97,200.0,99.64608883857727
98,200.0,99.81683301925659
99,200.0,100.19262290000916
100,200.0,100.47572302818298
101,200.0,100.26855421066284
102,200.0,100.37264060974121
103,200.0,100.03572130203247
104,200.0,99.71138834953308
105,200.0,99.7903504371643
106,200.0,99.08867025375366
107,200.0,98.00439929962158
108,200.0,98.09077405929565
109,200.0,97.08613634109497
110,200.0,96.66947412490845
111,200.0,97.23724436759949
112,200.0,97.22065234184265
113,200.0,96.52935123443604
114,200.0,97.48171401023865
115,200.0,96.34061980247498
116,200.0,96.82487154006958
117,200.0,96.9758689403534
118,200.0,96.42098641395569
119,200.0,96.80080890655518
120,200.0,96.61176228523254
121,200.0,96.25503921508789
122,200.0,95.49904608726501
123,200.0,95.91939640045166
124,200.0,96.17204070091248
125,200.0,95.79546546936035
126,200.0,95.7152361869812
127,200.0,96.19996476173401
128,200.0,95.95035409927368
129,200.0,96.53382325172424
130,200.0,95.79369688034058
131,200.0,95.79069972038269
132,200.0,97.38941168785095
133,200.0,97.40914750099182
134,200.0,98.69456505775452
135,200.0,96.97549986839294
136,200.0,98.36735844612122
137,200.0,97.58526539802551
138,200.0,96.65887904167175
139,200.0,97.30047488212585
140,200.0,97.37470579147339
141,200.0,97.7357006072998
142,200.0,97.05443024635315
143,200.0,99.12151551246643
144,200.0,97.56743884086609
145,200.0,98.18280601501465
146,200.0,99.67731809616089
147,200.0,99.56582927703857
148,200.0,98.44338583946228
149,200.0,97.79652523994446
150,200.0,97.18236064910889
151,200.0,97.40913558006287
152,200.0,97.32305812835693
153,200.0,98.08213996887207
154,200.0,99.3531711101532
155,200.0,99.81435823440552
156,200.0,99.09733772277832
157,200.0,99.82380533218384
158,200.0,100.42100310325623
159,200.0,100.40661001205444
160,200.0,102.00328779220581
161,200.0,100.51466226577759
162,200.0,101.00530457496643
163,200.0,100.70565557479858
164,200.0,101.55391550064087
165,200.0,102.49177813529968
166,200.0,101.82637691497803
167,200.0,103.47306895256042
168,200.0,102.61535000801086
169,200.0,103.64873123168945
170,200.0,102.68953227996826
171,200.0,103.15373516082764
172,200.0,103.80556988716125
173,200.0,102.31482696533203
174,200.0,103.21288824081421
175,200.0,103.17487692832947
176,200.0,101.61553621292114
177,200.0,104.0650885105133
178,200.0,102.64675116539001
179,200.0,101.5729992389679
180,200.0,102.61774587631226
181,200.0,103.10698080062866
182,200.0,103.33509945869446
183,200.0,102.49679946899414
184,200.0,103.61209917068481
185,200.0,104.4354498386383
186,200.0,103.15872812271118
187,200.0,104.34750699996948
188,200.0,105.52815985679626
189,200.0,105.87272834777832
190,200.0,106.26153612136841
191,200.0,105.77194833755493
192,200.0,106.59027695655823
193,200.0,105.82219505310059
194,200.0,106.29322838783264
195,200.0,106.43023180961609
196,200.0,106.53719830513
197,200.0,108.85531449317932
198,200.0,108.79102683067322
199,200.0,107.28317165374756
200,200.0,107.29648113250732
201,200.0,107.85632705688477
202,200.0,107.49368071556091
203,200.0,108.88903594017029
204,200.0,107.74800276756287
205,200.0,109.17584228515625
206,200.0,107.75261354446411
207,200.0,108.21311473846436
208,200.0,108.51248931884766
209,200.0,107.72871589660645
210,200.0,108.41853499412537
211,200.0,108.71163845062256
212,200.0,109.0830008983612
213,200.0,110.47244906425476
214,200.0,108.82585883140564
215,200.0,108.32398462295532
216,200.0,108.39479565620422
217,200.0,108.40533947944641
218,200.0,109.2586498260498
219,200.0,109.87549114227295
220,200.0,110.1974527835846
221,200.0,111.04741859436035
222,200.0,108.45181608200073
223,200.0,108.31477189064026
224,200.0,109.45781517028809
225,200.0,109.11178183555603
226,200.0,109.1381425857544
227,200.0,109.0897581577301
228,200.0,108.94454145431519
229,200.0,111.31990885734558
230,200.0,109.05364680290222
231,200.0,111.36604523658752
232,200.0,111.45649981498718
233,200.0,110.24433493614197
234,200.0,111.33526539802551
235,200.0,109.19988131523132
236,200.0,112.23619604110718
237,200.0,111.15962386131287
238,200.0,109.3448555469513
239,200.0,109.47082114219666
240,200.0,111.4895830154419
241,200.0,110.50581741333008
242,200.0,111.73217177391052
243,200.0,110.11780166625977
244,200.0,111.55005049705505
245,200.0,113.15328454971313
246,200.0,110.83419585227966
247,200.0,112.05877733230591
248,200.0,111.76972341537476
249,200.0,112.79629826545715
250,200.0,111.97426199913025
251,200.0,111.3418538570404
252,200.0,111.83347773551941
253,200.0,113.61355638504028
254,200.0,112.41351580619812
255,200.0,111.96153044700623
256,200.0,112.21211624145508
257,200.0,112.86529231071472
258,200.0,112.26196885108948
259,200.0,111.67528176307678
260,200.0,111.89595699310303
261,200.0,113.69707155227661
262,200.0,112.65164279937744
263,200.0,112.61761736869812
264,200.0,114.67164301872253
265,200.0,115.03682160377502
266,200.0,114.53937458992004
267,200.0,114.28388261795044
268,200.0,113.76321911811829
269,200.0,113.4861581325531
270,200.0,113.3823344707489
271,200.0,114.51851177215576
272,200.0,113.17869591712952
273,200.0,113.7488899230957
274,200.0,114.50990986824036
275,200.0,116.05933976173401
276,200.0,114.83588981628418
277,200.0,115.84482336044312
278,200.0,115.71116995811462
279,200.0,115.99232888221741
280,200.0,116.53907299041748
281,200.0,116.42016315460205
282,200.0,117.31732964515686
283,200.0,116.80216813087463
284,200.0,115.75661015510559
285,200.0,117.92871141433716
286,200.0,118.81901025772095
287,200.0,117.21399283409119
288,200.0,117.26775693893433
289,200.0,118.59739661216736
290,200.0,118.72637033462524
291,200.0,119.19352269172668
292,200.0,117.87745118141174
293,200.0,119.19567465782166
294,200.0,118.2306478023529
295,200.0,119.15855169296265
296,200.0,119.45502281188965
297,200.0,121.74895477294922
298,200.0,121.27702808380127
299,200.0,120.30519700050354
