0,20.0,114.23890447616577
1,130.0,113.969318151474
2,155.0,113.29758429527283
3,200.0,113.22009253501892
4,200.0,113.34128069877625
5,154.0,114.40410113334656
6,200.0,114.62523245811462
7,159.0,113.69764351844788
8,200.0,113.90826535224915
9,200.0,114.43320846557617
10,141.0,115.29339361190796
11,200.0,114.3474133014679
12,200.0,113.24847269058228
13,200.0,113.52194237709045
14,198.0,114.44261813163757
15,142.0,114.30557012557983
16,133.0,114.02958369255066
17,191.0,115.19510507583618
18,132.0,115.13893103599548
19,172.0,113.60790681838989
20,200.0,114.31363368034363
21,200.0,115.52922081947327
22,200.0,115.76441788673401
23,200.0,114.49806618690491
24,137.0,114.1990897655487
25,200.0,115.83885765075684
26,165.0,114.38307905197144
27,200.0,115.90511584281921
28,200.0,114.38138914108276
29,176.0,114.75779843330383
30,200.0,113.9729528427124
31,200.0,114.63193440437317
32,200.0,115.77592039108276
33,138.0,114.53578162193298
34,129.0,113.08512854576111
35,200.0,114.39378762245178
36,200.0,113.49002361297607
37,154.0,113.21642327308655
38,161.0,114.73986053466797
39,128.0,114.87137627601624
40,200.0,113.04317498207092
41,200.0,114.05223155021667
42,200.0,112.95448970794678
43,200.0,112.40003418922424
44,200.0,112.98509955406189
45,200.0,110.89719915390015
46,200.0,111.29152321815491
47,200.0,109.56977581977844
48,200.0,110.39484715461731
49,200.0,108.9149067401886
50,200.0,110.05583381652832
51,200.0,110.07950758934021
52,200.0,109.1280460357666
53,200.0,107.91210842132568
54,200.0,108.09334087371826
55,200.0,108.32305645942688
56,200.0,106.92463660240173
57,200.0,107.73013353347778
58,200.0,106.6167562007904
59,200.0,106.20037722587585
60,200.0,106.7771897315979
61,200.0,106.14958906173706
62,200.0,105.89425492286682
63,200.0,106.22452354431152
64,200.0,104.58167147636414
65,200.0,104.36408996582031
66,200.0,104.77604055404663
67,200.0,103.04072570800781
68,200.0,104.41879534721375
69,200.0,103.41119742393494
70,200.0,104.0504400730133
71,200.0,103.13303470611572
72,200.0,104.1152274608612
73,200.0,103.92375779151917
74,200.0,103.5279541015625
75,200.0,103.90367364883423
76,200.0,103.23559522628784
77,200.0,102.61168766021729
78,200.0,102.5876190662384
79,200.0,102.0033311843872
80,200.0,101.81002736091614
81,200.0,102.263667345047
82,200.0,102.2443015575409
83,200.0,101.99882864952087
84,200.0,102.338534116745
85,200.0,101.2551543712616
86,200.0,102.19176197052002
87,200.0,102.36135721206665
88,200.0,102.49337315559387
89,200.0,103.24369049072266
90,200.0,103.60707211494446
91,200.0,103.92170786857605
92,200.0,102.93017935752869
93,200.0,102.57359385490417
94,200.0,102.43231630325317
95,200.0,102.81189203262329
96,200.0,102.58410787582397
97,200.0,102.37965512275696
98,200.0,101.89139032363892
99,200.0,102.2789294719696
100,200.0,101.69407296180725
101,200.0,101.3578839302063
102,200.0,100.8563494682312
103,200.0,100.61022901535034
104,200.0,100.81720066070557
105,200.0,101.126708984375
106,200.0,100.32532453536987
107,200.0,100.35777115821838
108,200.0,99.94865131378174
109,200.0,99.5792191028595
110,200.0,99.65162968635559
111,200.0,100.00243043899536
112,200.0,99.8500657081604
113,200.0,99.26320743560791
114,200.0,98.90697002410889
115,200.0,99.26015782356262
116,200.0,98.75447845458984
117,200.0,98.93292212486267
118,200.0,99.00602126121521
119,200.0,98.77805924415588
120,200.0,99.60186219215393
121,200.0,99.8423159122467
122,200.0,98.94995975494385
123,200.0,99.0696337223053
124,200.0,98.73536205291748
125,200.0,98.60284280776978
126,200.0,97.92028617858887
127,200.0,98.13598442077637
128,200.0,98.6727192401886
129,200.0,99.01168966293335
130,200.0,98.58077692985535
131,200.0,98.9591772556305
132,200.0,98.36985349655151
133,200.0,97.7082850933075
134,200.0,97.74491333961487
135,200.0,97.34911346435547
136,200.0,96.43578743934631
137,200.0,97.69076251983643
138,200.0,98.59343123435974
139,200.0,98.56316876411438
140,200.0,98.83463382720947
141,200.0,100.08151388168335
142,200.0,99.41074585914612
143,200.0,98.56676936149597
144,200.0,97.87753772735596
145,200.0,98.94089722633362
146,200.0,98.57897973060608
147,200.0,97.78380584716797
148,200.0,99.3420045375824
149,200.0,99.66440629959106
150,200.0,99.67127823829651
151,200.0,98.45518350601196
152,200.0,98.67672204971313
153,200.0,99.78048300743103
154,200.0,100.80035662651062
155,200.0,99.3610348701477
156,200.0,99.48503971099854
157,200.0,99.78115797042847
158,200.0,99.0881872177124
159,200.0,98.30164122581482
160,200.0,97.74578976631165
161,200.0,99.03141593933105
162,200.0,99.31222724914551
163,200.0,99.01298451423645
164,200.0,99.06191968917847
165,200.0,99.14096522331238
166,200.0,98.64283967018127
167,200.0,99.25991606712341
168,200.0,99.06120371818542
169,200.0,100.99400687217712
170,200.0,99.83436942100525
171,200.0,99.03325891494751
172,200.0,98.48711109161377
173,200.0,98.53358435630798
174,200.0,97.86460947990417
175,200.0,99.2587890625
176,200.0,100.19492220878601
177,200.0,99.52024936676025
178,200.0,99.48770022392273
179,200.0,99.86432242393494
180,200.0,100.05108761787415
181,200.0,100.82430577278137
182,200.0,101.73300886154175
183,200.0,100.90406799316406
184,200.0,101.20470595359802
185,200.0,100.21520495414734
186,200.0,100.82665848731995
187,200.0,102.01693773269653
188,200.0,101.31784963607788
189,200.0,102.09184765815735
190,200.0,102.3818576335907
191,200.0,102.10347008705139
192,200.0,102.12009358406067
193,200.0,103.20811343193054
194,200.0,102.57351922988892
195,200.0,102.68928241729736
196,200.0,102.85909008979797
197,200.0,103.46057939529419
198,200.0,104.49495220184326
199,200.0,104.93648147583008
200,200.0,105.69839334487915
201,200.0,105.21261596679688
202,200.0,105.5107192993164
203,200.0,105.40046095848083
204,200.0,106.26494550704956
205,200.0,105.40266132354736
206,200.0,105.96909976005554
207,200.0,106.10864520072937
208,200.0,106.04047203063965
209,200.0,105.62302422523499
210,200.0,106.25797820091248
211,200.0,105.6599383354187
212,200.0,105.07835483551025
213,200.0,106.05718517303467
214,200.0,106.60198378562927
215,200.0,106.27497744560242
216,200.0,104.7179491519928
217,200.0,107.02465415000916
218,200.0,104.78749346733093
219,200.0,104.780193567276
220,200.0,106.11259245872498
221,200.0,104.2096517086029
222,200.0,104.94714045524597
223,200.0,107.1490125656128
224,200.0,105.92756628990173
225,200.0,106.98451972007751
226,200.0,108.15774369239807
227,200.0,107.02867341041565
228,200.0,107.81143951416016
229,200.0,106.59041833877563
230,200.0,107.67808508872986
231,200.0,107.8441219329834
232,200.0,107.39120078086853
233,200.0,107.63611221313477
234,200.0,109.3616931438446
235,200.0,108.16728663444519
236,200.0,108.69546580314636
237,200.0,109.17789196968079
238,200.0,108.00906825065613
239,200.0,109.8257782459259
240,200.0,109.2142174243927
241,200.0,109.18345046043396
242,200.0,109.76408290863037
243,200.0,110.76034760475159
244,200.0,111.36515831947327
245,200.0,111.44067549705505
246,200.0,111.64522099494934
247,200.0,113.3645327091217
248,200.0,113.52545952796936
249,200.0,112.50036287307739
250,200.0,112.10488629341125
251,200.0,111.19851088523865
252,200.0,113.36017107963562
253,200.0,112.386399269104
254,200.0,113.47915816307068
255,200.0,111.63651037216187
256,200.0,111.27945375442505
257,200.0,113.65797710418701
258,200.0,112.38767623901367
259,200.0,114.03121018409729
260,200.0,111.80935263633728
261,200.0,112.98367595672607
262,200.0,111.71809005737305
263,200.0,111.88362956047058
264,200.0,111.8343939781189
265,200.0,114.21140098571777
266,200.0,114.7769889831543
267,200.0,113.26080536842346
268,200.0,112.9727349281311
269,200.0,113.1347393989563
270,200.0,111.52983498573303
271,200.0,113.04754304885864
272,200.0,114.53103637695312
273,200.0,113.70551943778992
274,200.0,116.49393248558044
275,200.0,115.51178288459778
276,200.0,114.6059319972992
277,200.0,115.94327020645142
278,200.0,116.3486258983612
279,200.0,115.19892406463623
280,200.0,115.03430986404419
281,200.0,114.7186393737793
282,200.0,116.00460529327393
283,200.0,115.18004965782166
284,200.0,117.15437746047974
285,200.0,115.76248836517334
286,200.0,116.72822976112366
287,200.0,117.74807953834534
288,200.0,118.10507845878601
289,200.0,117.98010778427124
290,200.0,119.14670419692993
291,200.0,118.41487002372742
292,200.0,117.12260437011719
293,200.0,117.63330841064453
294,200.0,119.31184911727905
295,200.0,120.98765802383423
296,200.0,120.48718190193176
297,200.0,119.66739583015442
298,200.0,122.25497841835022
299,200.0,119.78534507751465
