0,64.0,116.21902680397034
1,141.0,116.43809676170349
2,196.0,115.46421766281128
3,155.0,116.42430973052979
4,182.0,115.34880828857422
5,135.0,117.02070021629333
6,139.0,114.52541446685791
7,200.0,114.8762469291687
8,181.0,114.62116956710815
9,200.0,115.65384864807129
10,198.0,115.61089563369751
11,151.0,114.55158424377441
12,200.0,114.74801087379456
13,200.0,116.00386452674866
14,200.0,115.98910593986511
15,200.0,115.08927989006042
16,200.0,116.68973851203918
17,200.0,116.15521001815796
18,200.0,114.73916888237
19,189.0,115.76337170600891
20,200.0,115.63957333564758
21,166.0,114.45701336860657
22,200.0,115.34162855148315
23,183.0,114.837411403656
24,186.0,115.53509783744812
25,165.0,115.096186876297
26,200.0,113.99848580360413
27,184.0,114.4611279964447
28,200.0,113.48039698600769
29,200.0,114.45507073402405
30,200.0,114.08555030822754
31,189.0,112.98197150230408
32,200.0,113.6392810344696
33,200.0,113.0813684463501
34,200.0,113.41159415245056
35,200.0,113.78522419929504
36,185.0,112.07159781455994
37,200.0,112.5885705947876
38,200.0,112.83860230445862
39,200.0,112.83386659622192
40,200.0,113.09407162666321
41,200.0,111.38361668586731
42,200.0,111.31164407730103
43,200.0,112.28066921234131
44,200.0,111.67151379585266
45,200.0,110.70234084129333
46,200.0,111.9533851146698
47,200.0,110.50862073898315
48,200.0,110.50308108329773
49,200.0,109.80933666229248
50,200.0,110.04984545707703
51,200.0,110.43448400497437
52,200.0,111.62969899177551
53,200.0,110.65016889572144
54,200.0,109.90416240692139
55,200.0,112.74317169189453
56,200.0,111.35498213768005
57,200.0,109.62041592597961
58,200.0,109.07864952087402
59,200.0,110.59023237228394
60,200.0,109.72627592086792
61,200.0,110.30931377410889
62,200.0,109.16029644012451
63,200.0,108.5036985874176
64,200.0,109.3290913105011
65,200.0,109.07350540161133
66,200.0,107.3204185962677
67,200.0,106.22236561775208
68,200.0,107.20254516601562
69,200.0,106.77980732917786
70,200.0,106.80997109413147
71,200.0,105.32764196395874
72,200.0,106.24702429771423
73,200.0,105.34557271003723
74,200.0,106.4403760433197
75,200.0,105.53583192825317
76,200.0,104.52635550498962
77,200.0,104.7519223690033
78,200.0,104.37140035629272
79,200.0,105.56173896789551
80,200.0,104.64316987991333
81,200.0,104.20646357536316
82,200.0,104.12641859054565
83,200.0,104.11305165290833
84,200.0,103.80158710479736
85,200.0,103.88839364051819
86,200.0,104.09370064735413
87,200.0,104.65041208267212
88,200.0,103.96004700660706
89,200.0,104.7699830532074
90,200.0,104.61619663238525
91,200.0,103.64313101768494
92,200.0,103.33771777153015
93,200.0,103.28599047660828
94,200.0,103.30821657180786
95,200.0,102.86183643341064
96,200.0,102.92548775672913
97,200.0,103.8693253993988
98,200.0,102.55111002922058
99,200.0,102.32530045509338
100,200.0,101.33306837081909
101,200.0,102.33830571174622
102,200.0,101.79258799552917
103,200.0,101.96866083145142
104,200.0,101.440908908844
105,200.0,101.57665753364563
106,200.0,100.59656143188477
107,200.0,99.93417954444885
108,200.0,99.96991753578186
109,200.0,101.40875601768494
110,200.0,100.34867000579834
111,200.0,100.57285904884338
112,200.0,100.78309035301208
113,200.0,99.2767882347107
114,200.0,99.64416813850403
115,200.0,100.31515407562256
116,200.0,98.86125779151917
117,200.0,99.37128949165344
118,200.0,99.35174918174744
119,200.0,98.70442175865173
120,200.0,99.26929092407227
121,200.0,99.93667602539062
122,200.0,100.90869188308716
123,200.0,101.00780391693115
124,200.0,100.95525169372559
125,200.0,101.09209418296814
126,200.0,101.7750072479248
127,200.0,100.51312899589539
128,200.0,100.5659704208374
129,200.0,101.19285035133362
130,200.0,101.3004982471466
131,200.0,100.53710794448853
132,200.0,100.09397077560425
133,200.0,100.45956325531006
134,200.0,100.81719374656677
135,200.0,100.6425142288208
136,200.0,100.30031514167786
137,200.0,100.71584343910217
138,200.0,99.99742031097412
139,200.0,99.81828880310059
140,200.0,101.28011727333069
141,200.0,99.7727644443512
142,200.0,100.36312699317932
143,200.0,99.57461261749268
144,200.0,100.81225442886353
145,200.0,99.8969464302063
146,200.0,100.25862073898315
147,200.0,100.58839845657349
148,200.0,99.21217632293701
149,200.0,99.81292414665222
150,200.0,99.8109962940216
151,200.0,100.4944543838501
152,200.0,100.14067530632019
153,200.0,100.81301641464233
154,200.0,100.99472260475159
155,200.0,100.33395099639893
156,200.0,100.89511227607727
157,200.0,100.12628602981567
158,200.0,100.43184518814087
159,200.0,100.97301363945007
160,200.0,101.47573280334473
161,200.0,100.42361807823181
162,200.0,101.60246634483337
163,200.0,100.04161143302917
164,200.0,102.03340291976929
165,200.0,100.6908609867096
166,200.0,100.77193188667297
167,200.0,102.07975912094116
168,200.0,103.74307107925415
169,200.0,101.23375678062439
170,200.0,102.10230302810669
171,200.0,102.05544567108154
172,200.0,100.96276807785034
173,200.0,101.36852097511292
174,200.0,102.52830672264099
175,200.0,102.54779195785522
176,200.0,103.25217747688293
177,200.0,102.18250632286072
178,200.0,104.25597357749939
179,200.0,103.10107135772705
180,200.0,103.05330157279968
181,200.0,103.01070308685303
182,200.0,102.94779896736145
183,200.0,103.75189352035522
184,200.0,103.27483201026917
185,200.0,104.38044214248657
186,200.0,103.7920343875885
187,200.0,102.78652048110962
188,200.0,103.73621797561646
189,200.0,103.94466662406921
190,200.0,106.18548631668091
191,200.0,106.49268293380737
192,200.0,106.76962399482727
193,200.0,106.24159550666809
194,200.0,108.22366166114807
195,200.0,106.96375226974487
196,200.0,109.36442685127258
197,200.0,107.4634964466095
198,200.0,108.2812831401825
199,200.0,107.94566321372986
200,200.0,108.53864645957947
201,200.0,108.2395989894867
202,200.0,109.02187395095825
203,200.0,107.6848497390747
204,200.0,107.289874792099
205,200.0,110.68060541152954
206,200.0,108.77762246131897
207,200.0,109.47361302375793
208,200.0,110.47739338874817
209,200.0,109.89700603485107
210,200.0,109.5968074798584
211,200.0,108.43595600128174
212,200.0,108.12983345985413
213,200.0,108.77537775039673
214,200.0,110.27470231056213
215,200.0,110.06319260597229
216,200.0,110.5667986869812
217,200.0,110.96931576728821
218,200.0,109.22478795051575
219,200.0,108.76749539375305
220,200.0,110.77053022384644
221,200.0,111.76233172416687
222,200.0,111.66295218467712
223,200.0,110.30914759635925
224,200.0,109.61367988586426
225,200.0,109.7915985584259
226,200.0,109.64329195022583
227,200.0,111.95451021194458
228,200.0,110.80723571777344
229,200.0,110.8202691078186
230,200.0,111.09927868843079
231,200.0,110.68421149253845
232,200.0,111.96034860610962
233,200.0,111.14152216911316
234,200.0,111.28196692466736
235,200.0,112.84313106536865
236,200.0,112.31033039093018
237,200.0,111.95202970504761
238,200.0,111.17263269424438
239,200.0,110.75893878936768
240,200.0,113.20327353477478
241,200.0,113.40362811088562
242,200.0,112.80092024803162
243,200.0,111.41053700447083
244,200.0,112.90315008163452
245,200.0,112.60662722587585
246,200.0,114.31619548797607
247,200.0,114.75251173973083
248,200.0,111.76065349578857
249,200.0,113.17667436599731
250,200.0,114.54417037963867
251,200.0,115.86702013015747
252,200.0,114.60762000083923
253,200.0,114.63693690299988
254,200.0,114.00189161300659
255,200.0,113.57533621788025
256,200.0,113.7859845161438
257,200.0,114.26204872131348
258,200.0,115.73190307617188
259,200.0,113.79141569137573
260,200.0,116.31578755378723
261,200.0,114.25961709022522
262,200.0,116.42053532600403
263,200.0,114.84052014350891
264,200.0,116.73983645439148
265,200.0,117.28451704978943
266,200.0,117.5096390247345
267,200.0,116.76724457740784
268,200.0,116.072101354599
269,200.0,116.94004440307617
270,200.0,116.38362455368042
271,200.0,117.20188069343567
272,200.0,117.37712168693542
273,200.0,119.50370717048645
274,200.0,119.25578379631042
275,200.0,117.19305968284607
276,200.0,119.27840614318848
277,200.0,117.4429259300232
278,200.0,118.1633985042572
279,200.0,118.43410658836365
280,200.0,117.25305485725403
281,200.0,117.41419267654419
282,200.0,120.37456727027893
283,200.0,118.41768407821655
284,200.0,120.04937195777893
285,200.0,117.72634530067444
286,200.0,120.36787557601929
287,200.0,118.6773452758789
288,200.0,118.72473764419556
289,200.0,117.45064234733582
290,200.0,119.26009058952332
291,200.0,121.22844004631042
292,200.0,119.7736189365387
293,200.0,119.66755294799805
294,200.0,119.45421934127808
295,200.0,117.89324235916138
296,200.0,118.07068419456482
297,200.0,117.88253474235535
298,200.0,119.49576783180237
299,200.0,119.5438494682312
