0,59.0,119.0869493484497
1,149.0,119.5554416179657
2,103.0,119.22874188423157
3,119.0,120.57213997840881
4,103.0,120.81425666809082
5,139.0,120.88143157958984
6,94.0,120.35721635818481
7,135.0,120.70557975769043
8,87.0,119.7343020439148
9,135.0,120.25821781158447
10,130.0,120.23735642433167
11,200.0,121.83212351799011
12,200.0,120.91457080841064
13,200.0,121.09146285057068
14,200.0,119.98490262031555
15,200.0,120.54084968566895
16,200.0,121.26868104934692
17,200.0,121.09553074836731
18,200.0,121.06814241409302
19,200.0,121.39851140975952
20,200.0,121.2345380783081
21,200.0,122.51898074150085
22,200.0,121.62851142883301
23,200.0,121.39745998382568
24,200.0,122.13719964027405
25,200.0,121.69800877571106
26,200.0,122.97181797027588
27,200.0,121.4110119342804
28,200.0,120.3329725265503
29,200.0,119.74766516685486
30,200.0,119.85252499580383
31,200.0,120.69175720214844
32,200.0,121.10464596748352
33,200.0,120.71077394485474
34,200.0,120.1478157043457
35,200.0,119.40864300727844
36,200.0,118.36018133163452
37,200.0,117.82018375396729
38,200.0,117.63464093208313
39,200.0,116.48182535171509
40,200.0,116.14627838134766
41,200.0,115.85655856132507
42,200.0,115.16130018234253
43,200.0,115.32094287872314
44,200.0,115.36526036262512
45,200.0,114.76312971115112
46,200.0,114.1819269657135
47,200.0,114.18057632446289
48,200.0,114.03883981704712
49,200.0,112.38477659225464
50,200.0,113.0488932132721
51,200.0,113.22637391090393
52,200.0,111.94032669067383
53,200.0,112.3855128288269
54,200.0,111.70106673240662
55,200.0,111.51664018630981
56,200.0,112.05964398384094
57,200.0,110.33893013000488
58,200.0,109.97200107574463
59,200.0,109.4565544128418
60,200.0,109.62191843986511
61,200.0,110.05909633636475
62,200.0,110.17656636238098
63,200.0,109.46912097930908
64,200.0,108.50760555267334
65,200.0,107.60168218612671
66,200.0,107.80347943305969
67,200.0,108.16612815856934
68,200.0,107.80010414123535
69,200.0,107.06836819648743
70,200.0,107.57205486297607
71,200.0,106.57012867927551
72,200.0,107.1717312335968
73,200.0,106.5593056678772
74,200.0,106.75389814376831
75,200.0,106.38682532310486
76,200.0,106.37612748146057
77,200.0,106.23005652427673
78,200.0,105.88603210449219
79,200.0,105.0436339378357
80,200.0,104.77271819114685
81,200.0,105.73534202575684
82,200.0,105.45647668838501
83,200.0,104.77683997154236
84,200.0,104.16969442367554
85,200.0,104.39148616790771
86,200.0,104.74459671974182
87,200.0,103.51452922821045
88,200.0,103.97295570373535
89,200.0,104.6391863822937
90,200.0,105.25862383842468
91,200.0,105.79104518890381
92,200.0,105.04576086997986
93,200.0,104.57888126373291
94,200.0,104.20535850524902
95,178.0,103.4180223941803
96,200.0,103.97594833374023
97,159.0,104.4984233379364
98,148.0,104.34680199623108
99,200.0,103.7459123134613
100,200.0,103.79542660713196
101,200.0,104.52787780761719
102,182.0,104.22666954994202
103,200.0,104.92335629463196
104,200.0,105.4473729133606
105,200.0,103.82655954360962
106,200.0,104.81878566741943
107,200.0,105.11049103736877
108,200.0,104.16371870040894
109,200.0,105.1954870223999
110,200.0,104.59589529037476
111,200.0,104.06766867637634
112,200.0,104.83796048164368
113,200.0,105.69509792327881
114,200.0,105.25230813026428
115,200.0,105.24703788757324
116,200.0,106.07107710838318
117,200.0,106.07461071014404
118,200.0,106.8770592212677
119,200.0,106.82670331001282
120,200.0,106.67410922050476
121,200.0,107.14611673355103
122,200.0,106.7005705833435
123,200.0,105.33408188819885
124,200.0,105.42805981636047
125,200.0,106.79954481124878
126,200.0,106.49558806419373
127,200.0,106.29225611686707
128,200.0,106.29366159439087
129,200.0,106.12429714202881
130,200.0,107.44844102859497
131,200.0,105.54003047943115
132,200.0,105.44733214378357
133,200.0,105.49114322662354
134,200.0,105.92025327682495
135,200.0,105.17592763900757
136,200.0,105.13353776931763
137,200.0,104.82454442977905
138,200.0,106.05320858955383
139,200.0,106.51041793823242
140,200.0,105.53293228149414
141,200.0,104.90809464454651
142,200.0,105.27322125434875
143,200.0,105.06520414352417
144,200.0,105.235027551651
145,200.0,105.81816387176514
146,200.0,105.10994982719421
147,200.0,104.92085361480713
148,200.0,104.90209627151489
149,200.0,106.5802321434021
150,200.0,106.57289958000183
151,200.0,106.83862495422363
152,200.0,106.04951047897339
153,200.0,106.82947635650635
154,200.0,106.26885724067688
155,200.0,105.80630564689636
156,200.0,105.60359239578247
157,200.0,106.31669354438782
158,200.0,107.12705779075623
159,200.0,107.09827542304993
160,200.0,107.03242349624634
161,200.0,105.21600794792175
162,200.0,105.91209888458252
163,200.0,105.80057573318481
164,200.0,106.30488157272339
165,200.0,105.7504153251648
166,200.0,106.4833676815033
167,200.0,107.28543019294739
168,200.0,108.09659433364868
169,200.0,107.98573970794678
170,200.0,106.63719248771667
171,200.0,105.60718083381653
172,200.0,105.95667362213135
173,200.0,106.85934686660767
174,200.0,106.70327639579773
175,200.0,106.38299918174744
176,200.0,106.83198094367981
177,200.0,106.26469802856445
178,200.0,107.35667061805725
179,200.0,106.85180282592773
180,200.0,107.15064334869385
181,200.0,108.35687470436096
182,200.0,107.3382318019867
183,200.0,107.86989402770996
184,200.0,107.03360962867737
185,200.0,107.52022767066956
186,200.0,108.19040322303772
187,200.0,108.17739367485046
188,200.0,107.86707806587219
189,200.0,107.6412308216095
190,200.0,108.60495638847351
191,200.0,108.44348049163818
192,200.0,107.9756760597229
193,200.0,108.19756054878235
194,200.0,108.82898831367493
195,200.0,109.02037477493286
196,200.0,109.81815767288208
197,200.0,109.48385500907898
198,200.0,111.61502504348755
199,200.0,110.93099093437195
200,200.0,109.79678797721863
201,200.0,110.28418135643005
202,200.0,111.23461294174194
203,200.0,111.53311371803284
204,200.0,111.29073143005371
205,200.0,111.57882070541382
206,200.0,110.98503518104553
207,200.0,110.72629308700562
208,200.0,110.75594806671143
209,200.0,111.5016520023346
210,200.0,112.03512740135193
211,200.0,111.27047514915466
212,200.0,110.7840621471405
213,200.0,112.34833025932312
214,200.0,111.98341417312622
215,200.0,114.05526685714722
216,200.0,112.94063067436218
217,200.0,114.33693265914917
218,200.0,113.69076752662659
219,200.0,113.61016845703125
220,200.0,115.62364053726196
221,200.0,115.6107234954834
222,200.0,116.1753351688385
223,200.0,114.5156626701355
224,200.0,115.71406531333923
225,200.0,114.97388052940369
226,200.0,116.5499358177185
227,200.0,115.49156022071838
228,200.0,115.72338128089905
229,200.0,115.9861044883728
230,200.0,117.66619110107422
231,200.0,116.12613105773926
232,200.0,117.81945705413818
233,200.0,115.93056988716125
234,200.0,115.94439697265625
235,200.0,116.40789079666138
236,200.0,116.300696849823
237,200.0,119.08527827262878
238,200.0,116.64184045791626
239,200.0,116.60328435897827
240,200.0,117.15873098373413
241,200.0,117.0142388343811
242,200.0,118.72360420227051
243,200.0,118.47087168693542
244,200.0,116.69408345222473
245,200.0,118.43061518669128
246,200.0,118.6730728149414
247,200.0,116.29653239250183
248,200.0,118.36513447761536
249,200.0,116.2529604434967
250,200.0,117.92894792556763
251,200.0,116.91216039657593
252,200.0,116.73811554908752
253,200.0,118.08122825622559
254,200.0,117.46930861473083
255,200.0,118.35063982009888
256,200.0,117.19574642181396
257,200.0,117.75724577903748
258,200.0,117.73016548156738
259,200.0,116.89712834358215
260,200.0,117.86949920654297
261,200.0,117.78172540664673
262,200.0,117.76130056381226
263,200.0,117.17359161376953
264,200.0,117.74939727783203
265,200.0,119.97278618812561
266,200.0,119.44561314582825
267,200.0,118.33326244354248
268,200.0,120.04167938232422
269,200.0,120.48339033126831
270,200.0,119.7334635257721
271,200.0,121.08057522773743
272,200.0,122.21455550193787
273,200.0,119.22681498527527
274,200.0,119.3656370639801
275,200.0,119.23704195022583
276,200.0,119.86147809028625
277,200.0,120.90939164161682
278,200.0,119.99821996688843
279,200.0,120.24186325073242
280,200.0,120.94132041931152
281,200.0,120.34833669662476
282,200.0,121.75220537185669
283,200.0,121.50255060195923
284,200.0,121.39984011650085
285,200.0,120.16961407661438
286,200.0,121.03947019577026
287,200.0,121.56036806106567
288,200.0,121.10492134094238
289,200.0,121.36990451812744
290,200.0,120.72995495796204
291,200.0,122.55251598358154
292,200.0,123.0035400390625
293,200.0,121.71286106109619
294,200.0,121.95996117591858
295,200.0,123.82349991798401
296,200.0,122.01328730583191
297,200.0,122.70289397239685
298,200.0,123.4581310749054
299,200.0,124.86301732063293
