0,44.0,111.23153734207153
1,61.0,111.72779250144958
2,164.0,111.68714833259583
3,56.0,112.00812196731567
4,65.0,111.33323264122009
5,87.0,112.27412223815918
6,105.0,112.8230369091034
7,119.0,112.66355967521667
8,108.0,112.25907063484192
9,120.0,112.86228775978088
10,124.0,111.86670851707458
11,116.0,112.398841381073
12,120.0,113.0019383430481
13,127.0,113.16723990440369
14,134.0,113.09710812568665
15,138.0,111.85476446151733
16,131.0,111.4749002456665
17,128.0,112.06642484664917
18,140.0,111.37529397010803
19,170.0,111.70924115180969
20,155.0,111.26046752929688
21,135.0,110.38819408416748
22,154.0,110.57551336288452
23,135.0,110.62490820884705
24,128.0,110.17682957649231
25,135.0,111.47597408294678
26,161.0,110.44038915634155
27,153.0,110.11798357963562
28,146.0,110.42797541618347
29,154.0,110.14549827575684
30,133.0,110.00381255149841
31,136.0,109.4090347290039
32,149.0,108.8756217956543
33,143.0,109.82192492485046
34,157.0,108.79126763343811
35,200.0,108.69818663597107
36,188.0,108.06055855751038
37,179.0,107.93193340301514
38,199.0,108.8199028968811
39,200.0,108.80188989639282
40,190.0,107.46583962440491
41,200.0,107.42718720436096
42,200.0,107.2355523109436
43,200.0,107.48774409294128
44,165.0,107.42572093009949
45,190.0,106.72228956222534
46,200.0,107.2087049484253
47,200.0,107.25901985168457
48,197.0,105.52053785324097
49,175.0,106.83836150169373
50,200.0,107.298996925354
51,200.0,107.289794921875
52,200.0,106.80159425735474
53,200.0,105.50855016708374
54,200.0,105.622718334198
55,200.0,104.72713899612427
56,200.0,103.6767566204071
57,200.0,103.24464178085327
58,200.0,103.52903366088867
59,200.0,101.9138126373291
60,200.0,101.95090055465698
61,200.0,102.21700382232666
62,200.0,102.0213418006897
63,200.0,101.14955067634583
64,200.0,100.98139142990112
65,200.0,100.74859166145325
66,200.0,100.65627932548523
67,200.0,100.3227949142456
68,200.0,99.94932150840759
69,200.0,101.23132824897766
70,200.0,101.32721710205078
71,200.0,101.21270871162415
72,200.0,101.72574305534363
73,200.0,101.63783955574036
74,200.0,101.18717074394226
75,200.0,100.73523926734924
76,200.0,100.51617527008057
77,200.0,99.6748559474945
78,200.0,99.72680687904358
79,200.0,99.7112991809845
80,200.0,98.6340503692627
81,200.0,98.0231785774231
82,200.0,98.36374688148499
83,200.0,98.90977001190186
84,200.0,98.99195218086243
85,200.0,99.29099488258362
86,200.0,99.25667476654053
87,200.0,99.68336629867554
88,200.0,99.05757856369019
89,200.0,98.58474254608154
90,200.0,98.35080432891846
91,200.0,97.31903076171875
92,200.0,97.2262351512909
93,200.0,97.24931073188782
94,200.0,97.47839999198914
95,200.0,97.59732437133789
96,200.0,97.82042455673218
97,200.0,98.20052361488342
98,200.0,98.24301218986511
99,200.0,98.01059818267822
100,200.0,98.19674491882324
101,200.0,98.57584142684937
102,200.0,97.92171478271484
103,200.0,97.94821906089783
104,200.0,97.97811460494995
105,200.0,97.9810163974762
106,200.0,97.4651689529419
107,200.0,96.44130420684814
108,200.0,96.61983370780945
109,200.0,96.25480151176453
110,200.0,96.72707271575928
111,200.0,96.61433005332947
112,200.0,97.16897511482239
113,200.0,96.76700568199158
114,200.0,96.82276463508606
115,200.0,96.32415413856506
116,200.0,95.88276100158691
117,200.0,96.32499742507935
118,200.0,95.9817624092102
119,200.0,95.84711718559265
120,200.0,95.45371389389038
121,200.0,95.62978506088257
122,200.0,95.9208037853241
123,200.0,95.5279860496521
124,200.0,95.50689458847046
125,200.0,95.52602791786194
126,200.0,94.73496556282043
127,200.0,95.4837257862091
128,200.0,96.0008397102356
129,200.0,94.93144416809082
130,200.0,95.99604845046997
131,200.0,96.31810998916626
132,200.0,95.62905240058899
133,200.0,97.44275093078613
134,200.0,97.89312505722046
135,200.0,96.58788752555847
136,200.0,97.12752389907837
137,200.0,97.45980834960938
138,200.0,97.03435325622559
139,200.0,97.00492334365845
140,200.0,96.77569198608398
141,200.0,97.62369132041931
142,200.0,98.12181758880615
143,200.0,97.51156663894653
144,200.0,97.85800576210022
145,200.0,97.79150009155273
146,200.0,98.55068302154541
147,200.0,98.41796827316284
148,200.0,99.1374979019165
149,200.0,100.67583179473877
150,200.0,99.95681095123291
151,200.0,100.469979763031
152,200.0,101.14052867889404
153,200.0,100.86533737182617
154,200.0,101.3342387676239
155,200.0,99.82947134971619
156,200.0,99.78098559379578
157,200.0,100.66088533401489
158,200.0,100.21641206741333
159,200.0,102.03010630607605
160,200.0,101.1101496219635
161,200.0,101.94739079475403
162,200.0,102.08808875083923
163,200.0,101.6020872592926
164,200.0,101.77208352088928
165,200.0,101.00621628761292
166,200.0,102.05568146705627
167,200.0,100.88444399833679
168,200.0,102.14556884765625
169,200.0,102.10386848449707
170,200.0,100.83775615692139
171,200.0,101.07232618331909
172,200.0,101.0477032661438
173,200.0,102.06173348426819
174,200.0,102.1182849407196
175,200.0,103.10389280319214
176,200.0,102.18235373497009
177,200.0,102.32654857635498
178,200.0,102.23788619041443
179,200.0,103.5030906200409
180,200.0,104.11295652389526
181,200.0,103.09590077400208
182,200.0,104.00514268875122
183,200.0,102.91927933692932
184,200.0,102.71680665016174
185,200.0,103.67664098739624
186,200.0,104.88465547561646
187,200.0,104.3420889377594
188,200.0,105.03360104560852
189,200.0,105.30351614952087
190,200.0,104.51592993736267
191,200.0,104.75240993499756
192,200.0,103.1388144493103
193,200.0,102.99567675590515
194,200.0,103.28279685974121
195,200.0,103.60089588165283
196,200.0,105.4844491481781
197,200.0,103.92723894119263
198,200.0,104.29727149009705
199,200.0,105.15441799163818
200,200.0,107.0276620388031
201,200.0,106.73419761657715
202,200.0,105.51153683662415
203,200.0,107.13059425354004
204,200.0,105.36570191383362
205,200.0,105.15170001983643
206,200.0,105.95533680915833
207,200.0,105.91069340705872
208,200.0,106.19386982917786
209,200.0,106.59769177436829
210,200.0,108.00694060325623
211,200.0,107.77706718444824
212,200.0,107.27357888221741
213,200.0,108.37018179893494
214,200.0,107.26274371147156
215,200.0,107.35058975219727
216,200.0,109.146493434906
217,200.0,109.8446433544159
218,200.0,107.87221765518188
219,200.0,109.70232629776001
220,200.0,107.96122407913208
221,200.0,109.62952899932861
222,200.0,107.36240839958191
223,200.0,108.07553124427795
224,200.0,109.4090633392334
225,200.0,107.70630216598511
226,200.0,109.49889039993286
227,200.0,108.70075726509094
228,200.0,108.15149593353271
229,200.0,109.44233560562134
230,200.0,108.92282557487488
231,200.0,110.26088881492615
232,200.0,108.25849938392639
233,200.0,110.58240079879761
234,200.0,108.68959617614746
235,200.0,108.58345437049866
236,200.0,109.04333519935608
237,200.0,109.36203813552856
238,200.0,111.18876361846924
239,200.0,111.97870230674744
240,200.0,108.81265616416931
241,200.0,109.2990951538086
242,200.0,110.65790867805481
243,200.0,109.40533828735352
244,200.0,109.8009352684021
245,200.0,110.25376152992249
246,200.0,110.72217512130737
247,200.0,111.24605464935303
248,200.0,111.2401921749115
249,200.0,110.09998059272766
250,200.0,110.40366768836975
251,200.0,111.13014531135559
252,200.0,110.32276654243469
253,200.0,112.39462685585022
254,200.0,111.5871331691742
255,200.0,113.47058820724487
256,200.0,111.8647723197937
257,200.0,112.76597332954407
258,200.0,113.03653001785278
259,200.0,114.11415600776672
260,200.0,112.0070481300354
261,200.0,111.75365138053894
262,200.0,111.65394353866577
263,200.0,112.74020218849182
264,200.0,112.22111296653748
265,200.0,112.05643224716187
266,200.0,114.90172147750854
267,200.0,112.59311270713806
268,200.0,113.77584099769592
269,200.0,113.32485747337341
270,200.0,112.90475702285767
271,200.0,113.67179727554321
272,200.0,113.65265941619873
273,200.0,113.7632896900177
274,200.0,115.01212215423584
275,200.0,112.94598054885864
276,200.0,114.68687796592712
277,200.0,113.2112250328064
278,200.0,112.96600532531738
279,200.0,112.9067177772522
280,200.0,113.00062441825867
281,200.0,113.32538437843323
282,200.0,113.63519930839539
283,200.0,113.19028830528259
284,200.0,114.34627294540405
285,200.0,113.49961638450623
286,200.0,114.55564332008362
287,200.0,114.52776741981506
288,200.0,115.27760171890259
289,200.0,114.19215154647827
290,200.0,114.20679044723511
291,200.0,114.42601561546326
292,200.0,115.08513259887695
293,200.0,115.55477738380432
294,200.0,115.20689654350281
295,200.0,114.47795963287354
296,200.0,115.35179901123047
297,200.0,114.84592533111572
298,200.0,116.82346415519714
299,200.0,115.00283241271973
