0,49.0,114.4874677658081
1,42.0,116.01729774475098
2,39.0,114.98957562446594
3,44.0,115.89763855934143
4,34.0,114.90561938285828
5,44.0,116.10979151725769
6,44.0,116.21469187736511
7,34.0,115.96856737136841
8,52.0,115.92623543739319
9,48.0,117.72414708137512
10,45.0,116.26573848724365
11,200.0,117.71397256851196
12,200.0,116.72124528884888
13,200.0,116.79508686065674
14,200.0,117.75542879104614
15,200.0,118.28989362716675
16,147.0,118.2511248588562
17,200.0,117.64805221557617
18,200.0,116.86861538887024
19,200.0,116.91951036453247
20,200.0,117.15062522888184
21,200.0,115.47717809677124
22,200.0,115.05896282196045
23,200.0,115.63114595413208
24,200.0,116.08950471878052
25,200.0,116.13820171356201
26,200.0,116.48015308380127
27,200.0,116.54761123657227
28,200.0,116.27565884590149
29,200.0,115.91828441619873
30,200.0,115.88864183425903
31,200.0,115.71988439559937
32,200.0,114.17820000648499
33,200.0,113.93550300598145
34,200.0,113.72536778450012
35,200.0,114.28160881996155
36,200.0,113.55919671058655
37,200.0,112.57921290397644
38,200.0,113.38944363594055
39,200.0,112.43926930427551
40,200.0,112.28002500534058
41,200.0,111.60683941841125
42,200.0,111.68019890785217
43,200.0,112.54133534431458
44,200.0,112.20790266990662
45,200.0,111.98621487617493
46,200.0,112.14173531532288
47,200.0,113.20477724075317
48,200.0,112.63350057601929
49,200.0,111.81890606880188
50,200.0,113.5075261592865
51,200.0,112.3474338054657
52,200.0,112.24940037727356
53,200.0,111.54311776161194
54,200.0,111.04756093025208
55,200.0,110.99529719352722
56,200.0,111.37847852706909
57,200.0,110.97849798202515
58,200.0,111.79359769821167
59,200.0,112.1579213142395
60,200.0,112.13793325424194
61,200.0,110.49494981765747
62,200.0,108.88987350463867
63,200.0,109.9679536819458
64,200.0,109.08642411231995
65,200.0,108.9854006767273
66,200.0,108.04626989364624
67,200.0,107.91291785240173
68,200.0,107.19733500480652
69,200.0,107.86159491539001
70,200.0,108.39602708816528
71,200.0,108.50688242912292
72,200.0,107.55748391151428
73,200.0,106.61894822120667
74,200.0,106.01131653785706
75,200.0,106.84983563423157
76,200.0,106.54810237884521
77,200.0,105.82598114013672
78,200.0,105.41986393928528
79,200.0,104.7132580280304
80,200.0,105.07302927970886
81,200.0,105.26611995697021
82,200.0,104.96869254112244
83,200.0,105.08480453491211
84,200.0,104.34440875053406
85,200.0,105.58327960968018
86,200.0,104.39915466308594
87,200.0,104.42388463020325
88,200.0,104.02888035774231
89,200.0,104.42051219940186
90,200.0,104.2640950679779
91,200.0,103.97754049301147
92,200.0,105.35688185691833
93,200.0,104.08057403564453
94,200.0,104.97869896888733
95,200.0,104.94457578659058
96,200.0,103.04076337814331
97,200.0,104.0838897228241
98,200.0,103.66810488700867
99,200.0,104.12932467460632
100,200.0,104.05754351615906
101,200.0,103.66648006439209
102,200.0,102.58283257484436
103,200.0,103.24983739852905
104,200.0,103.28523325920105
105,200.0,101.91408205032349
106,200.0,101.44107580184937
107,200.0,102.23730325698853
108,200.0,100.68238830566406
109,200.0,100.814297914505
110,200.0,100.37706708908081
111,200.0,99.99652862548828
112,200.0,101.2275459766388
113,200.0,100.67057228088379
114,200.0,101.4232907295227
115,200.0,100.91024732589722
116,200.0,101.1334240436554
117,200.0,100.03244519233704
118,200.0,100.12729001045227
119,200.0,99.69420576095581
120,200.0,100.73614764213562
121,200.0,99.96588730812073
122,200.0,99.60987329483032
123,200.0,98.76339554786682
124,200.0,98.79445457458496
125,200.0,98.86322259902954
126,200.0,99.22056102752686
127,200.0,100.78105878829956
128,200.0,99.74919199943542
129,200.0,101.19438123703003
130,200.0,101.28123116493225
131,200.0,101.7109854221344
132,200.0,101.61404061317444
133,200.0,100.83022594451904
134,200.0,100.04409551620483
135,200.0,100.79286479949951
136,200.0,100.67787146568298
137,200.0,100.87157917022705
138,200.0,101.14805817604065
139,200.0,101.1009213924408
140,200.0,101.62904906272888
141,200.0,100.51341199874878
142,200.0,100.75424027442932
143,200.0,101.1979992389679
144,200.0,101.35316228866577
145,200.0,101.2973051071167
146,200.0,100.86900019645691
147,200.0,101.1847813129425
148,200.0,101.05326223373413
149,200.0,100.95686340332031
150,200.0,101.3397536277771
151,200.0,102.16441535949707
152,200.0,102.03746366500854
153,200.0,102.03153610229492
154,200.0,103.71015405654907
155,200.0,102.11932754516602
156,200.0,101.7745008468628
157,200.0,103.1262309551239
158,200.0,103.76405382156372
159,200.0,102.3482780456543
160,200.0,102.56065392494202
161,200.0,103.72906541824341
162,200.0,103.34695386886597
163,200.0,102.99070763587952
164,200.0,102.64223027229309
165,200.0,103.21994709968567
166,200.0,103.38251519203186
167,200.0,104.00024485588074
168,200.0,104.09259819984436
169,200.0,104.1824541091919
170,200.0,104.33067488670349
171,200.0,103.71277737617493
172,200.0,103.7866039276123
173,200.0,103.3884699344635
174,200.0,103.67885994911194
175,200.0,103.94684052467346
176,200.0,104.60192561149597
177,200.0,105.11812925338745
178,200.0,104.66340684890747
179,200.0,105.84125852584839
180,200.0,105.52960157394409
181,200.0,105.91850876808167
182,200.0,105.28658151626587
183,200.0,105.11657691001892
184,200.0,103.7216739654541
185,200.0,105.12899899482727
186,200.0,104.31049489974976
187,200.0,104.3026773929596
188,200.0,105.39937424659729
189,200.0,104.97107672691345
190,200.0,103.89336013793945
191,200.0,105.91322565078735
192,200.0,104.9834988117218
193,200.0,105.75091195106506
194,200.0,105.38815689086914
195,200.0,104.78346014022827
196,200.0,106.423264503479
197,200.0,106.11308789253235
198,200.0,104.74082112312317
199,200.0,104.23210597038269
200,200.0,105.13415241241455
201,200.0,106.04644012451172
202,200.0,105.4409441947937
203,200.0,104.41570377349854
204,200.0,105.90850329399109
205,200.0,105.28745293617249
206,200.0,104.45881676673889
207,200.0,105.325430393219
208,200.0,105.24307942390442
209,200.0,105.73702073097229
210,200.0,107.3745481967926
211,200.0,107.1454758644104
212,200.0,106.88281583786011
213,200.0,106.20736360549927
214,200.0,106.02912425994873
215,200.0,107.37609553337097
216,200.0,106.4968421459198
217,200.0,106.52567720413208
218,200.0,105.67435836791992
219,200.0,106.53844475746155
220,200.0,106.80909991264343
221,200.0,107.16207504272461
222,200.0,107.35382962226868
223,200.0,106.7183563709259
224,200.0,106.15910530090332
225,200.0,107.21894454956055
226,200.0,107.21948409080505
227,200.0,107.68161654472351
228,200.0,106.82603859901428
229,200.0,107.49331378936768
230,200.0,108.31289887428284
231,200.0,108.48883843421936
232,200.0,108.17931628227234
233,200.0,109.34265446662903
234,200.0,108.46374320983887
235,200.0,107.94122743606567
236,200.0,108.4429886341095
237,200.0,109.24349689483643
238,200.0,109.74093389511108
239,200.0,109.88889741897583
240,200.0,108.49986600875854
241,200.0,109.29672908782959
242,200.0,110.20036745071411
243,200.0,108.81245970726013
244,200.0,110.46660614013672
245,200.0,110.73490905761719
246,200.0,110.6290693283081
247,200.0,109.85530591011047
248,200.0,112.3455855846405
249,200.0,110.73849248886108
250,200.0,109.29779934883118
251,200.0,109.42183351516724
252,200.0,109.5365777015686
253,200.0,109.79617118835449
254,200.0,110.74195456504822
255,200.0,110.63069081306458
256,200.0,110.9893729686737
257,200.0,111.81863141059875
258,200.0,112.03527617454529
259,200.0,110.08531904220581
260,200.0,111.69814991950989
261,200.0,109.45840716362
262,200.0,110.57219076156616
263,200.0,109.59462189674377
264,200.0,110.53332662582397
265,200.0,109.95837044715881
266,200.0,110.43393301963806
267,200.0,111.9170880317688
268,200.0,113.19913721084595
269,200.0,111.02090573310852
270,200.0,112.2129123210907
271,200.0,113.23147988319397
272,200.0,112.37742972373962
273,200.0,112.97526431083679
274,200.0,113.47787690162659
275,200.0,114.67524814605713
276,200.0,113.41921186447144
277,200.0,115.60470414161682
278,200.0,116.05248475074768
279,200.0,115.72624731063843
280,200.0,116.14003825187683
281,200.0,115.6128499507904
282,200.0,115.28746294975281
283,200.0,116.17178106307983
284,200.0,116.22849726676941
285,200.0,117.83817076683044
286,200.0,116.12417769432068
287,200.0,116.37578201293945
288,200.0,118.80079531669617
289,200.0,116.88748121261597
290,200.0,116.8050799369812
291,200.0,117.32673716545105
292,200.0,120.89780378341675
293,200.0,121.45214700698853
294,200.0,120.08558082580566
295,200.0,119.69769740104675
296,200.0,118.46693301200867
297,200.0,118.67567825317383
298,200.0,118.58037114143372
299,200.0,118.89488196372986
