0,34.0,135.39917421340942
1,66.0,135.88368248939514
2,28.0,135.12639546394348
3,28.0,136.40089344978333
4,42.0,135.16460967063904
5,200.0,137.4365484714508
6,74.0,141.43261671066284
7,40.0,137.1134157180786
8,190.0,138.40761184692383
9,200.0,139.26720690727234
10,54.0,140.0461049079895
11,81.0,137.99583768844604
12,59.0,139.562655210495
13,48.0,139.42988681793213
14,41.0,140.44552206993103
15,68.0,142.05234742164612
16,138.0,139.87262749671936
17,50.0,139.31230521202087
18,47.0,139.62822198867798
19,69.0,140.61260986328125
20,70.0,140.52812480926514
21,45.0,140.11987161636353
22,56.0,140.6216161251068
23,48.0,141.25541186332703
24,62.0,141.8465540409088
25,152.0,142.46679544448853
26,71.0,142.4911653995514
27,155.0,141.9809491634369
28,76.0,142.0449070930481
29,139.0,141.19400477409363
30,155.0,142.45816779136658
31,200.0,142.3943202495575
32,119.0,141.04787945747375
33,54.0,141.4744837284088
34,148.0,142.67246222496033
35,138.0,141.46099519729614
36,70.0,141.0371549129486
37,121.0,142.07903718948364
38,143.0,142.0492491722107
39,99.0,141.26004791259766
40,99.0,142.09498238563538
41,77.0,142.31405997276306
42,75.0,141.04289364814758
43,74.0,140.54541635513306
44,103.0,141.13300108909607
45,67.0,139.8043131828308
46,110.0,139.98615288734436
47,165.0,140.22157859802246
48,200.0,140.2050437927246
49,113.0,138.0421121120453
50,200.0,138.87693166732788
51,200.0,138.08341336250305
52,200.0,137.58658981323242
53,200.0,136.46291303634644
54,200.0,136.42902064323425
55,200.0,135.8517942428589
56,200.0,136.8533182144165
57,200.0,135.24179220199585
58,200.0,134.28737235069275
59,200.0,133.6606798171997
60,200.0,131.82661867141724
61,200.0,133.32513523101807
62,200.0,132.5898404121399
63,200.0,131.7128987312317
64,200.0,131.36114501953125
65,200.0,130.9788064956665
66,200.0,131.87490057945251
67,200.0,130.33837866783142
68,200.0,130.51616191864014
69,200.0,129.7751441001892
70,200.0,130.5673542022705
71,200.0,130.40337657928467
72,200.0,129.65489554405212
73,200.0,128.572571516037
74,200.0,128.58433723449707
75,200.0,126.69501495361328
76,200.0,125.9132022857666
77,200.0,126.02038431167603
78,200.0,125.39814734458923
79,200.0,125.39001083374023
80,200.0,124.43161940574646
81,200.0,124.29213309288025
82,200.0,123.87349367141724
83,200.0,123.46775722503662
84,200.0,121.34733057022095
85,200.0,120.64164638519287
86,200.0,122.50226712226868
87,200.0,122.23224997520447
88,200.0,121.88705396652222
89,200.0,120.76262187957764
90,200.0,119.54939866065979
91,200.0,119.58533263206482
92,200.0,119.615975856781
93,200.0,119.50966835021973
94,200.0,118.65144944190979
95,200.0,118.83170318603516
96,200.0,119.7196638584137
97,200.0,119.67098903656006
98,200.0,119.39004039764404
99,200.0,119.20616817474365
100,200.0,118.35636830329895
101,200.0,118.64286494255066
102,200.0,117.20303845405579
103,200.0,118.24144768714905
104,200.0,118.70650959014893
105,200.0,118.22268891334534
106,200.0,117.89630818367004
107,200.0,117.14645457267761
108,200.0,116.49297094345093
109,200.0,115.85284185409546
110,200.0,116.34731554985046
111,200.0,116.74849009513855
112,200.0,117.0584123134613
113,200.0,117.03982210159302
114,200.0,115.76333808898926
115,200.0,115.22805786132812
116,200.0,113.8642406463623
117,200.0,115.0175244808197
118,200.0,115.02018213272095
119,200.0,114.17926049232483
120,200.0,115.90575695037842
121,200.0,115.55417442321777
122,200.0,114.71107530593872
123,200.0,114.21613764762878
124,200.0,113.31699419021606
125,200.0,113.50719928741455
126,200.0,113.32128882408142
127,200.0,112.43538403511047
128,200.0,112.63316917419434
129,200.0,112.47526097297668
130,200.0,111.17676162719727
131,200.0,112.13407158851624
132,200.0,114.30199646949768
133,168.0,114.39405465126038
134,200.0,111.57484531402588
135,200.0,111.58628225326538
136,200.0,112.23055624961853
137,200.0,112.78841996192932
138,200.0,112.17284345626831
139,200.0,110.67389369010925
140,200.0,110.39257979393005
141,188.0,110.36598348617554
142,200.0,111.36670756340027
143,200.0,110.09868359565735
144,200.0,111.09499287605286
145,200.0,111.19661831855774
146,200.0,112.41209959983826
147,200.0,112.74446511268616
148,174.0,111.58971190452576
149,200.0,110.24113917350769
150,200.0,110.7324869632721
151,200.0,111.62658405303955
152,200.0,110.81518602371216
153,200.0,112.07474493980408
154,192.0,112.4481451511383
155,200.0,112.17987060546875
156,200.0,113.28947734832764
157,200.0,112.7861065864563
158,200.0,113.34836339950562
159,200.0,113.96362853050232
160,200.0,112.91708564758301
161,200.0,115.06861662864685
162,200.0,115.65722012519836
163,200.0,114.66790890693665
164,200.0,116.90134501457214
165,200.0,115.03274083137512
166,200.0,115.94262623786926
167,198.0,116.64335417747498
168,200.0,116.04383969306946
169,181.0,115.85666990280151
170,200.0,116.47519445419312
171,200.0,116.66313171386719
172,200.0,116.19973802566528
173,200.0,117.75716066360474
174,200.0,117.82068157196045
175,200.0,118.4175136089325
176,200.0,118.35456895828247
177,200.0,119.52002620697021
178,200.0,118.91890788078308
179,200.0,119.63376808166504
180,184.0,120.8017578125
181,200.0,120.031405210495
182,172.0,120.38529419898987
183,200.0,120.37772917747498
184,200.0,121.40811491012573
185,200.0,121.09971499443054
186,200.0,120.38806509971619
187,172.0,120.10569262504578
188,179.0,119.75499486923218
189,200.0,120.8515100479126
190,200.0,120.1532723903656
191,200.0,121.7885537147522
192,199.0,121.5794186592102
193,194.0,121.00702404975891
194,200.0,121.10508799552917
195,200.0,122.28781938552856
196,200.0,121.02518486976624
197,200.0,121.52655386924744
198,200.0,122.32138967514038
199,200.0,123.01568126678467
200,200.0,120.51432228088379
201,200.0,122.09199929237366
202,198.0,121.19046664237976
203,200.0,121.23298382759094
204,200.0,120.17261600494385
205,200.0,119.99769449234009
206,200.0,121.662766456604
207,194.0,122.41102504730225
208,200.0,122.26515293121338
209,200.0,121.84223175048828
210,188.0,120.8900043964386
211,200.0,121.13524270057678
212,200.0,119.8859760761261
213,200.0,122.11644268035889
214,186.0,122.08428859710693
215,200.0,122.14246726036072
216,200.0,122.10820579528809
217,183.0,121.99313735961914
218,200.0,122.66311764717102
219,200.0,123.16694784164429
220,200.0,123.82288098335266
221,200.0,122.49363994598389
222,179.0,123.57057666778564
223,200.0,123.6935043334961
224,200.0,125.70558190345764
225,200.0,125.77886009216309
226,200.0,124.44189357757568
227,200.0,127.34358668327332
228,200.0,125.50236129760742
229,200.0,125.30831551551819
230,182.0,125.26372933387756
231,200.0,126.94537782669067
232,200.0,126.83565020561218
233,200.0,124.92193865776062
234,200.0,126.38686466217041
235,200.0,127.278067111969
236,200.0,128.1659803390503
237,200.0,128.93895888328552
238,200.0,127.47807312011719
239,200.0,126.39439463615417
240,200.0,126.38978576660156
241,200.0,126.02918529510498
242,185.0,128.12433671951294
243,186.0,127.50454139709473
244,186.0,128.18550944328308
245,186.0,127.06811046600342
246,200.0,128.6936616897583
247,200.0,128.141131401062
248,200.0,128.52953004837036
249,200.0,127.44772052764893
250,179.0,129.31760215759277
251,200.0,129.89044785499573
252,200.0,127.6433961391449
253,200.0,128.50441551208496
254,200.0,130.16208362579346
255,200.0,129.261545419693
256,200.0,128.80993270874023
257,200.0,128.88062620162964
258,200.0,128.1969985961914
259,200.0,128.8121030330658
260,200.0,129.59859108924866
261,200.0,131.2137153148651
262,200.0,131.73190879821777
263,200.0,130.54380631446838
264,200.0,131.97886776924133
265,196.0,131.77777361869812
266,200.0,130.8008315563202
267,200.0,132.60345339775085
268,200.0,132.89267873764038
269,200.0,132.50746250152588
270,194.0,132.89544010162354
271,200.0,132.74060535430908
272,200.0,135.27599668502808
273,200.0,136.35068249702454
274,200.0,135.4395251274109
275,200.0,135.93570947647095
276,200.0,137.09802627563477
277,200.0,136.55440640449524
278,186.0,138.79941987991333
279,200.0,138.08394646644592
280,197.0,138.14034271240234
281,200.0,137.24609303474426
282,183.0,137.2740819454193
283,187.0,138.5209562778473
284,200.0,138.8377435207367
285,200.0,137.6951732635498
286,200.0,138.88355112075806
287,189.0,138.1749768257141
288,200.0,139.48501753807068
289,200.0,138.29261755943298
290,200.0,137.46074390411377
291,200.0,139.55410265922546
292,200.0,139.24261713027954
293,200.0,137.75497269630432
294,200.0,139.26302099227905
295,200.0,138.70008373260498
296,200.0,140.78937101364136
297,200.0,142.22814750671387
298,200.0,140.73298835754395
299,200.0,142.5583999156952
